[gd_scene load_steps=28 format=3 uid="uid://cy5lmq1djweto"]

[ext_resource type="Script" uid="uid://2ctr74rdos6v" path="res://Scripts/Enemies/StateMachine/EnemyStateMachine.cs" id="1_3u8xu"]
[ext_resource type="Script" uid="uid://b0k1rr2yuf22n" path="res://Scripts/Utilities/EnemyEntityAccessor.cs" id="1_eyhau"]
[ext_resource type="AnimationLibrary" uid="uid://beh47qlnu58iu" path="res://Animations/Humanoid/TEMP_EnemyAnimLibrary.res" id="2_bhjmh"]
[ext_resource type="PackedScene" uid="uid://bm4xy5gup2qvo" path="res://GameObjects/CombatAbility.tscn" id="2_uivum"]
[ext_resource type="PackedScene" uid="uid://bbf6ttwtueode" path="res://Art/_Enemies_TEMP/SM_Prop_SwordOrnate_01.fbx" id="2_vq338"]
[ext_resource type="PackedScene" uid="uid://bvdaqn11tg0jw" path="res://Art/NPCRig.fbx" id="2_w1h0a"]
[ext_resource type="Script" uid="uid://ct0h6lq4lcxnx" path="res://Scripts/Enemies/StateMachine/EnemyIdleState.cs" id="3_epsjv"]
[ext_resource type="Script" uid="uid://cbt2jpgnl5vyn" path="res://Scripts/Enemies/StateMachine/EnemyAttackState.cs" id="4_dqpjx"]
[ext_resource type="Script" uid="uid://cr0yy0j57hduw" path="res://Scripts/Enemies/StateMachine/EnemyChaseState.cs" id="4_is1iy"]
[ext_resource type="Script" uid="uid://cdbdrba7wsge7" path="res://Scripts/Enemies/StateMachine/EnemyDeathState.cs" id="5_l7lc1"]
[ext_resource type="PackedScene" uid="uid://iifdnv8gbmhw" path="res://GameObjects/HealthComponent.tscn" id="5_r4olu"]
[ext_resource type="Script" uid="uid://ci6f0cxl5j6n3" path="res://Scripts/Enemies/StateMachine/EnemyPatrolState.cs" id="7_is1iy"]
[ext_resource type="Script" uid="uid://bk0sli8sgv4ix" path="res://Scripts/Enemies/StateMachine/EnemyWanderState.cs" id="8_h2jgk"]
[ext_resource type="Script" uid="uid://bvh1270fg0moq" path="res://Scripts/Enemies/StateMachine/EnemySuspicionState.cs" id="9_h2jgk"]
[ext_resource type="PackedScene" uid="uid://cqm2hv33616h0" path="res://GameObjects/Damager.tscn" id="15_uivum"]

[sub_resource type="CapsuleShape3D" id="CapsuleShape3D_pqwom"]
radius = 0.357833

[sub_resource type="SphereShape3D" id="SphereShape3D_0ae5k"]
radius = 1.5

[sub_resource type="SphereShape3D" id="SphereShape3D_epsjv"]
radius = 5.0

[sub_resource type="CapsuleShape3D" id="CapsuleShape3D_gtt4e"]
radius = 0.4

[sub_resource type="AnimationNodeAnimation" id="AnimationNodeAnimation_8pn51"]
animation = &"TEMP_EnemyAnimLibrary/human_attack_sword"

[sub_resource type="AnimationNodeOneShot" id="AnimationNodeOneShot_h32hr"]
fadein_time = 0.1
fadeout_time = 0.1

[sub_resource type="AnimationNodeAnimation" id="AnimationNodeAnimation_5yyp0"]
animation = &"TEMP_EnemyAnimLibrary/human_death"

[sub_resource type="AnimationNodeTransition" id="AnimationNodeTransition_nw3li"]
xfade_time = 0.2
input_0/name = "NotDeath"
input_0/auto_advance = false
input_0/break_loop_at_end = false
input_0/reset = true
input_1/name = "Death"
input_1/auto_advance = false
input_1/break_loop_at_end = false
input_1/reset = true

[sub_resource type="AnimationNodeAnimation" id="AnimationNodeAnimation_eo4mq"]
animation = &"TEMP_EnemyAnimLibrary/human_idle"

[sub_resource type="AnimationNodeAnimation" id="AnimationNodeAnimation_15lv4"]
animation = &"TEMP_EnemyAnimLibrary/human_run"

[sub_resource type="AnimationNodeBlendSpace1D" id="AnimationNodeBlendSpace1D_76jb3"]
blend_point_0/node = SubResource("AnimationNodeAnimation_eo4mq")
blend_point_0/pos = 0.0
blend_point_1/node = SubResource("AnimationNodeAnimation_15lv4")
blend_point_1/pos = 1.0
min_space = 0.0

[sub_resource type="AnimationNodeBlendTree" id="AnimationNodeBlendTree_jv3td"]
nodes/Attack1/node = SubResource("AnimationNodeAnimation_8pn51")
nodes/Attack1/position = Vector2(280, 320)
nodes/AttackTrigger/node = SubResource("AnimationNodeOneShot_h32hr")
nodes/AttackTrigger/position = Vector2(720, 180)
nodes/Death/node = SubResource("AnimationNodeAnimation_5yyp0")
nodes/Death/position = Vector2(500, 540)
nodes/DeathTransition/node = SubResource("AnimationNodeTransition_nw3li")
nodes/DeathTransition/position = Vector2(980, 300)
nodes/MoveSpace/node = SubResource("AnimationNodeBlendSpace1D_76jb3")
nodes/MoveSpace/position = Vector2(500, 120)
nodes/output/position = Vector2(1240, 320)
node_connections = [&"AttackTrigger", 0, &"MoveSpace", &"AttackTrigger", 1, &"Attack1", &"DeathTransition", 0, &"AttackTrigger", &"DeathTransition", 1, &"Death", &"output", 0, &"DeathTransition"]

[node name="Enemy" type="CharacterBody3D" node_paths=PackedStringArray("StateMachine", "HealthComponent")]
collision_layer = 9
script = ExtResource("1_eyhau")
StateMachine = NodePath("StateMachine")
HealthComponent = NodePath("HealthComponent")

[node name="Abilities" type="Node3D" parent="."]

[node name="MeleeAttack" parent="Abilities" node_paths=PackedStringArray("abilityDamager") instance=ExtResource("2_uivum")]
damageAmount = 5
abilityDamager = NodePath("../../MeleeAttack/Damager")
abilityDuration = 2.0
abilityCooldownTime = 3.0

[node name="StateMachine" type="Node" parent="." node_paths=PackedStringArray("MeleeAttackAbility", "initialState")]
script = ExtResource("1_3u8xu")
BaseMoveSpeed = 1.5
ChaseMoveSpeed = 2.0
MeleeAttackAbility = NodePath("../Abilities/MeleeAttack")
initialState = NodePath("IdleState")

[node name="IdleState" type="Node" parent="StateMachine"]
script = ExtResource("3_epsjv")

[node name="ChaseState" type="Node" parent="StateMachine"]
script = ExtResource("4_is1iy")

[node name="AttackState" type="Node" parent="StateMachine"]
script = ExtResource("4_dqpjx")

[node name="DeathState" type="Node" parent="StateMachine"]
script = ExtResource("5_l7lc1")

[node name="PatrolState" type="Node" parent="StateMachine"]
script = ExtResource("7_is1iy")

[node name="WanderState" type="Node" parent="StateMachine"]
script = ExtResource("8_h2jgk")

[node name="SuspicionState" type="Node" parent="StateMachine"]
script = ExtResource("9_h2jgk")

[node name="HealthComponent" parent="." instance=ExtResource("5_r4olu")]
MaxHealth = 7.0
InvulnerabilityTime = 2.0

[node name="NavigationAgent3D" type="NavigationAgent3D" parent="."]
simplify_path = true
avoidance_enabled = true
height = 2.0
max_speed = 5.0
debug_enabled = true

[node name="CollisionShape3D" type="CollisionShape3D" parent="."]
shape = SubResource("CapsuleShape3D_pqwom")

[node name="RigPivot" type="Node3D" parent="."]
transform = Transform3D(1, 0, 0, 0, 1, 0, 0, 0, 1, 0, -1, 0)

[node name="Rig" parent="RigPivot" instance=ExtResource("2_w1h0a")]

[node name="GeneralSkeleton" parent="RigPivot/Rig" index="0"]
bones/0/position = Vector3(-0.0594028, -0.0224857, 0.0845742)
bones/0/rotation = Quaternion(-0.0329674, -0.0604333, -0.0298763, 0.99718)
bones/2/rotation = Quaternion(-0.0116132, -0.00826718, 0.0399288, 0.999101)
bones/3/rotation = Quaternion(0.00224834, -0.0126569, 0.0495337, 0.99869)
bones/4/rotation = Quaternion(0.00264792, -0.011409, 0.0498174, 0.99869)
bones/5/rotation = Quaternion(0.0431443, 0.00340249, -0.0241035, 0.998772)
bones/6/rotation = Quaternion(0.0431358, 0.00340975, -0.0241071, 0.998773)
bones/9/rotation = Quaternion(0.00201041, 0.0347253, -0.0670986, 0.99714)
bones/10/rotation = Quaternion(0.593962, 0.0508461, 0.793069, -0.125159)
bones/11/rotation = Quaternion(0.0237454, 0.702864, -0.0846741, 0.705867)
bones/12/rotation = Quaternion(0.224073, 0.702333, 0.166584, 0.654805)
bones/13/rotation = Quaternion(0.362052, 0.521091, -0.460872, -0.620467)
bones/14/rotation = Quaternion(-0.0733182, 0.186071, 0.0405881, 0.978956)
bones/16/rotation = Quaternion(0.0654328, -0.00433365, -0.217917, 0.973762)
bones/17/rotation = Quaternion(-0.336185, -0.621662, 0.407263, 0.578492)
bones/18/rotation = Quaternion(-0.00685528, 0.00554012, -0.142162, 0.989804)
bones/20/rotation = Quaternion(-0.10052, 0.680664, 0.167109, 0.706164)
bones/21/rotation = Quaternion(0.42953, 0.833552, 0.306887, -0.162835)
bones/22/rotation = Quaternion(-0.0179231, 0.00640528, -0.195053, 0.980608)
bones/25/rotation = Quaternion(0.00806941, 0.0278035, 0.102891, 0.994271)
bones/26/rotation = Quaternion(0.624534, -0.138205, -0.7088, -0.29742)
bones/27/rotation = Quaternion(0.0340056, -0.70156, 0.0948272, 0.705454)
bones/28/rotation = Quaternion(0.127762, -0.660547, -0.101358, 0.732859)
bones/29/rotation = Quaternion(-0.572447, 0.454729, 0.57304, -0.37034)
bones/30/rotation = Quaternion(0.00945277, 0.205654, 0.0284995, 0.978164)
bones/32/rotation = Quaternion(0.0797667, 0.00540631, 0.22211, 0.971738)
bones/33/rotation = Quaternion(-0.542499, 0.453079, 0.59414, -0.383943)
bones/34/rotation = Quaternion(-0.00689507, 0.0037265, -0.0930765, 0.995628)
bones/36/rotation = Quaternion(-0.10569, -0.683753, -0.162156, 0.703574)
bones/37/rotation = Quaternion(0.164894, 0.305975, -0.830758, 0.434776)
bones/38/rotation = Quaternion(-0.0181931, 0.00183201, -0.0540265, 0.998372)
bones/43/rotation = Quaternion(-0.0806265, 0.00397713, 0.995112, -0.0568753)
bones/44/rotation = Quaternion(-0.00058977, 0.980468, -0.188772, -0.0551993)
bones/45/rotation = Quaternion(-0.0201446, 0.588919, -0.807645, 0.0218452)
bones/46/rotation = Quaternion(0.00196937, 4.96539e-09, -6.58275e-08, 0.999998)
bones/48/rotation = Quaternion(0.140605, 0.156875, 0.97225, -0.101733)
bones/49/rotation = Quaternion(-0.0253273, 0.987763, -0.151265, -0.0283302)
bones/50/rotation = Quaternion(-0.0466235, 0.726687, -0.683255, 0.0539854)
bones/51/rotation = Quaternion(-0.0207763, 8.81663e-08, -1.00484e-07, 0.999784)
bones/55/rotation = Quaternion(0.227152, 0.131925, -0.615502, 0.743071)

[node name="Item_WarriorSholderArmor" parent="RigPivot/Rig/GeneralSkeleton" index="0"]
transform = Transform3D(0.339438, 0.870397, -0.356638, -0.939328, 0.333589, -0.0798815, 0.049442, 0.362115, 0.930821, 0.216882, 1.35287, -0.0371356)
visible = false
bone_idx = 24

[node name="Item_WarriorSholderArmor1" parent="RigPivot/Rig/GeneralSkeleton" index="1"]
transform = Transform3D(0.736889, 0.414232, 0.534234, 0.41605, -0.900769, 0.124562, 0.53282, 0.13048, -0.836109, 0.52674, 0.113993, 0.147388)
visible = false
bone_idx = 40

[node name="Item_Sword" parent="RigPivot/Rig/GeneralSkeleton" index="2"]
transform = Transform3D(0.961145, -0.208932, -0.180413, 0.225594, 0.97116, 0.0771629, 0.159088, -0.114865, 0.98056, 0.0217818, 1.25083, -0.163167)
visible = false
bone_idx = 41

[node name="Item_SwordHolder" parent="RigPivot/Rig/GeneralSkeleton" index="3"]
transform = Transform3D(0.961145, -0.208932, -0.180413, 0.225594, 0.97116, 0.0771629, 0.159088, -0.114865, 0.98056, 0.259178, 0.0093118, 0.141351)
visible = false
bone_idx = 42

[node name="Item_WaterCanteen" parent="RigPivot/Rig/GeneralSkeleton" index="4"]
transform = Transform3D(0.99091, 0.0635688, -0.118556, -0.0555995, 0.996041, 0.06936, 0.122496, -0.0621379, 0.990522, -0.200352, 0.911295, 0.00654896)
visible = false
bone_idx = 53

[node name="Item_WaterBladder_01" parent="RigPivot/Rig/GeneralSkeleton" index="5"]
transform = Transform3D(0.99091, 0.0635688, -0.118556, -0.0555995, 0.996041, 0.06936, 0.122496, -0.0621379, 0.990522, 0.192945, 0.738705, 0.0441528)
visible = false
bone_idx = 54

[node name="SM_Prop_SpellBook_03" parent="RigPivot/Rig/GeneralSkeleton" index="6"]
transform = Transform3D(0.207678, 0.953873, -0.216784, -0.895936, 0.096528, -0.433567, -0.392643, 0.284267, 0.874657, 0.218085, 0.942026, 0.0284724)
visible = false
bone_idx = 55

[node name="Item_Pouch" parent="RigPivot/Rig/GeneralSkeleton" index="7"]
transform = Transform3D(1.05024, 0.0610977, -0.128824, -0.0589287, 1.05802, 0.0213725, 0.12983, -0.0140156, 1.0518, -0.0805877, -0.0899571, 0.03651)
visible = false
bone_idx = 56

[node name="SM_Prop_Vials" parent="RigPivot/Rig/GeneralSkeleton" index="8"]
transform = Transform3D(-0.172741, 0.0635688, -0.982914, 0.0723059, 0.996041, 0.0517105, 0.98231, -0.062138, -0.176654, -0.192365, 0.914721, 0.0118277)
visible = false
bone_idx = 57

[node name="Item_SwordSheath" parent="RigPivot/Rig/GeneralSkeleton" index="9"]
transform = Transform3D(0.384923, -0.242647, 0.890481, 0.477947, 0.877784, 0.0325883, -0.789557, 0.413059, 0.453852, 0.23936, 0.719661, 0.00259148)
visible = false
bone_idx = 58

[node name="Item_Dagger" parent="RigPivot/Rig/GeneralSkeleton" index="10"]
transform = Transform3D(0.99091, 0.0635688, -0.118556, -0.0555995, 0.996041, 0.06936, 0.122496, -0.0621379, 0.990522, 0.20611, 0.84663, 0.0604614)
visible = false
bone_idx = 59

[node name="Item_CoinBag" parent="RigPivot/Rig/GeneralSkeleton" index="11"]
transform = Transform3D(0.99091, 0.0635688, -0.118556, -0.0555995, 0.996041, 0.06936, 0.122496, -0.0621379, 0.990522, -0.210522, 0.86627, 0.0136609)
visible = false
bone_idx = 60

[node name="Character_Female_Witch" parent="RigPivot/Rig/GeneralSkeleton" index="12"]
visible = false

[node name="Character_Female_Queen" parent="RigPivot/Rig/GeneralSkeleton" index="13"]
visible = false

[node name="Character_Female_Druid" parent="RigPivot/Rig/GeneralSkeleton" index="14"]
visible = false

[node name="Character_Female_Gypsy" parent="RigPivot/Rig/GeneralSkeleton" index="15"]
visible = false

[node name="Character_Female_Peasant_01" parent="RigPivot/Rig/GeneralSkeleton" index="16"]
visible = false

[node name="Character_Female_Peasant_02" parent="RigPivot/Rig/GeneralSkeleton" index="17"]
visible = false

[node name="Character_Male_Baird" parent="RigPivot/Rig/GeneralSkeleton" index="18"]
visible = false

[node name="Character_Male_Sorcerer" parent="RigPivot/Rig/GeneralSkeleton" index="19"]
visible = false

[node name="Character_Male_King" parent="RigPivot/Rig/GeneralSkeleton" index="20"]
visible = false

[node name="Character_Male_Rouge_01" parent="RigPivot/Rig/GeneralSkeleton" index="22"]
visible = false

[node name="Character_Male_Wizard" parent="RigPivot/Rig/GeneralSkeleton" index="23"]
visible = false

[node name="AnimationPlayer" parent="RigPivot/Rig" index="1"]
libraries = {
&"TEMP_EnemyAnimLibrary": ExtResource("2_bhjmh")
}

[node name="RightHandAttachment" type="BoneAttachment3D" parent="RigPivot"]
transform = Transform3D(-0.0310783, -0.0684315, 0.997172, 0.374141, -0.925919, -0.0518811, 0.926851, 0.37147, 0.0543789, -0.270002, 0.689231, -0.101642)
bone_name = "RightHand"
bone_idx = 28
use_external_skeleton = true
external_skeleton = NodePath("../Rig/GeneralSkeleton")

[node name="WeaponSlot" type="Node3D" parent="RigPivot/RightHandAttachment"]
transform = Transform3D(0.998604, -0.0369963, -0.0377162, 0.0394601, 0.996984, 0.0668198, 0.0351305, -0.0682148, 0.997052, -0.00729713, 0.0490943, 0.0338885)

[node name="SM_Prop_SwordOrnate_01" parent="RigPivot/RightHandAttachment/WeaponSlot" instance=ExtResource("2_vq338")]
transform = Transform3D(0.523173, 0.85195, 0.0217142, -0.736141, 0.438924, 0.515211, 0.429403, -0.285529, 0.856789, -0.00156301, 0.00976056, -0.00743541)

[node name="AttackRange" type="ShapeCast3D" parent="RigPivot"]
shape = SubResource("SphereShape3D_0ae5k")
target_position = Vector3(0, 0, 0)
collision_mask = 4
debug_shape_custom_color = Color(1, 0, 0, 1)

[node name="ChaseRange" type="ShapeCast3D" parent="RigPivot"]
shape = SubResource("SphereShape3D_epsjv")
collision_mask = 4

[node name="MeleeAttack" type="BoneAttachment3D" parent="."]
transform = Transform3D(-0.0310783, -0.0684315, 0.997172, 0.374141, -0.925919, -0.0518811, 0.926851, 0.37147, 0.0543789, -0.270002, -0.310769, -0.101642)
bone_name = "RightHand"
bone_idx = 28
use_external_skeleton = true
external_skeleton = NodePath("../RigPivot/Rig/GeneralSkeleton")

[node name="Damager" parent="MeleeAttack" node_paths=PackedStringArray("selfCollider") instance=ExtResource("15_uivum")]
transform = Transform3D(0.571545, 0.778873, 0.258251, -0.820571, 0.542501, 0.179877, -1.49012e-08, -0.314721, 0.949184, 0.758676, 0.534602, -0.269668)
collision_layer = 5
selfCollider = NodePath("../..")

[node name="CollisionShape3D" parent="MeleeAttack/Damager" index="0"]
transform = Transform3D(0.988959, 0.148189, 0, -0.148189, 0.988959, 0, 0, 0, 1, 0.107063, 0.126615, 3.49246e-09)
shape = SubResource("CapsuleShape3D_gtt4e")

[node name="AnimationTree" type="AnimationTree" parent="."]
root_node = NodePath("../RigPivot/Rig")
tree_root = SubResource("AnimationNodeBlendTree_jv3td")
anim_player = NodePath("../AnimationPlayer")
parameters/AttackTrigger/active = false
parameters/AttackTrigger/internal_active = false
parameters/AttackTrigger/request = 0
parameters/DeathTransition/current_state = "NotDeath"
parameters/DeathTransition/transition_request = ""
parameters/DeathTransition/current_index = 0
parameters/MoveSpace/blend_position = 0.0

[node name="AnimationPlayer" type="AnimationPlayer" parent="."]
root_node = NodePath("../RigPivot/Rig")
libraries = {
&"TEMP_EnemyAnimLibrary": ExtResource("2_bhjmh")
}

[connection signal="OnDeathTriggered" from="HealthComponent" to="StateMachine" method="ChangeToDeathState"]
[connection signal="velocity_computed" from="NavigationAgent3D" to="StateMachine" method="OnNavAgentVelocityComputed"]

[editable path="RigPivot/Rig"]
[editable path="MeleeAttack/Damager"]
