[gd_scene load_steps=24 format=3 uid="uid://cy5lmq1djweto"]

[ext_resource type="Script" uid="uid://2ctr74rdos6v" path="res://Scripts/Enemies/StateMachine/EnemyStateMachine.cs" id="1_3u8xu"]
[ext_resource type="Script" uid="uid://b0k1rr2yuf22n" path="res://Scripts/Utilities/EnemyEntityAccessor.cs" id="1_eyhau"]
[ext_resource type="AnimationLibrary" uid="uid://beh47qlnu58iu" path="res://Animations/Humanoid/TEMP_EnemyAnimLibrary.res" id="2_bhjmh"]
[ext_resource type="PackedScene" uid="uid://bbf6ttwtueode" path="res://Art/_Enemies_TEMP/SM_Prop_SwordOrnate_01.fbx" id="2_vq338"]
[ext_resource type="PackedScene" uid="uid://bvdaqn11tg0jw" path="res://Art/NPCRig.fbx" id="2_w1h0a"]
[ext_resource type="Script" uid="uid://ct0h6lq4lcxnx" path="res://Scripts/Enemies/StateMachine/EnemyIdleState.cs" id="3_epsjv"]
[ext_resource type="Script" uid="uid://cbt2jpgnl5vyn" path="res://Scripts/Enemies/StateMachine/EnemyAttackState.cs" id="4_dqpjx"]
[ext_resource type="Script" uid="uid://cr0yy0j57hduw" path="res://Scripts/Enemies/StateMachine/EnemyChaseState.cs" id="4_is1iy"]
[ext_resource type="Script" uid="uid://cdbdrba7wsge7" path="res://Scripts/Enemies/StateMachine/EnemyDeathState.cs" id="5_l7lc1"]
[ext_resource type="PackedScene" uid="uid://iifdnv8gbmhw" path="res://GameObjects/HealthComponent.tscn" id="5_r4olu"]
[ext_resource type="Script" uid="uid://dg50c86hmopvc" path="res://Scripts/DamageSystem/Damager.cs" id="11_0ae5k"]

[sub_resource type="CapsuleShape3D" id="CapsuleShape3D_pqwom"]
radius = 0.357833

[sub_resource type="SphereShape3D" id="SphereShape3D_0ae5k"]
radius = 2.0

[sub_resource type="SphereShape3D" id="SphereShape3D_epsjv"]
radius = 6.0

[sub_resource type="CapsuleShape3D" id="CapsuleShape3D_ixyjj"]
radius = 0.25

[sub_resource type="AnimationNodeAnimation" id="AnimationNodeAnimation_8pn51"]
animation = &"TEMP_EnemyAnimLibrary/human_attack_sword"

[sub_resource type="AnimationNodeOneShot" id="AnimationNodeOneShot_h32hr"]
fadein_time = 0.1
fadeout_time = 0.1

[sub_resource type="AnimationNodeAnimation" id="AnimationNodeAnimation_5yyp0"]
animation = &"TEMP_EnemyAnimLibrary/human_death"

[sub_resource type="AnimationNodeTransition" id="AnimationNodeTransition_nw3li"]
xfade_time = 0.2
input_0/name = "NotDeath"
input_0/auto_advance = false
input_0/break_loop_at_end = false
input_0/reset = true
input_1/name = "Death"
input_1/auto_advance = false
input_1/break_loop_at_end = false
input_1/reset = true

[sub_resource type="AnimationNodeAnimation" id="AnimationNodeAnimation_eo4mq"]
animation = &"TEMP_EnemyAnimLibrary/human_idle"

[sub_resource type="AnimationNodeAnimation" id="AnimationNodeAnimation_15lv4"]
animation = &"TEMP_EnemyAnimLibrary/human_run"

[sub_resource type="AnimationNodeBlendSpace1D" id="AnimationNodeBlendSpace1D_76jb3"]
blend_point_0/node = SubResource("AnimationNodeAnimation_eo4mq")
blend_point_0/pos = 0.0
blend_point_1/node = SubResource("AnimationNodeAnimation_15lv4")
blend_point_1/pos = 1.0
min_space = 0.0

[sub_resource type="AnimationNodeBlendTree" id="AnimationNodeBlendTree_jv3td"]
graph_offset = Vector2(178.124, 49.2645)
nodes/Attack1/node = SubResource("AnimationNodeAnimation_8pn51")
nodes/Attack1/position = Vector2(280, 320)
nodes/AttackTrigger/node = SubResource("AnimationNodeOneShot_h32hr")
nodes/AttackTrigger/position = Vector2(720, 180)
nodes/Death/node = SubResource("AnimationNodeAnimation_5yyp0")
nodes/Death/position = Vector2(500, 540)
nodes/DeathTransition/node = SubResource("AnimationNodeTransition_nw3li")
nodes/DeathTransition/position = Vector2(980, 300)
nodes/MoveSpace/node = SubResource("AnimationNodeBlendSpace1D_76jb3")
nodes/MoveSpace/position = Vector2(500, 120)
nodes/output/position = Vector2(1240, 320)
node_connections = [&"AttackTrigger", 0, &"MoveSpace", &"AttackTrigger", 1, &"Attack1", &"DeathTransition", 0, &"AttackTrigger", &"DeathTransition", 1, &"Death", &"output", 0, &"DeathTransition"]

[node name="Enemy" type="CharacterBody3D" node_paths=PackedStringArray("StateMachine", "HealthComponent")]
collision_layer = 8
script = ExtResource("1_eyhau")
StateMachine = NodePath("StateMachine")
HealthComponent = NodePath("HealthComponent")

[node name="StateMachine" type="Node" parent="." node_paths=PackedStringArray("initialState")]
script = ExtResource("1_3u8xu")
BaseMoveSpeed = 1.5
ChaseMoveSpeed = 2.0
initialState = NodePath("IdleState")

[node name="IdleState" type="Node" parent="StateMachine"]
script = ExtResource("3_epsjv")

[node name="ChaseState" type="Node" parent="StateMachine"]
script = ExtResource("4_is1iy")

[node name="AttackState" type="Node" parent="StateMachine"]
script = ExtResource("4_dqpjx")

[node name="DeathState" type="Node" parent="StateMachine"]
script = ExtResource("5_l7lc1")

[node name="HealthComponent" parent="." instance=ExtResource("5_r4olu")]
MaxHealth = 7.0
InvulnerabilityTime = 2.0

[node name="NavigationAgent3D" type="NavigationAgent3D" parent="."]
avoidance_enabled = true
height = 2.0
max_speed = 5.0
debug_enabled = true

[node name="CollisionShape3D" type="CollisionShape3D" parent="."]
shape = SubResource("CapsuleShape3D_pqwom")

[node name="RigPivot" type="Node3D" parent="."]
transform = Transform3D(1, 0, 0, 0, 1, 0, 0, 0, 1, 0, -1, 0)

[node name="Rig" parent="RigPivot" instance=ExtResource("2_w1h0a")]

[node name="GeneralSkeleton" parent="RigPivot/Rig" index="0"]
bones/0/position = Vector3(-0.0584478, -0.0224628, 0.0850038)
bones/0/rotation = Quaternion(-0.0330548, -0.0604101, -0.0293672, 0.997194)
bones/2/rotation = Quaternion(-0.0113693, -0.00812201, 0.0397922, 0.99911)
bones/3/rotation = Quaternion(0.00233724, -0.012412, 0.0491954, 0.998709)
bones/4/rotation = Quaternion(0.00272941, -0.0111912, 0.0494683, 0.998709)
bones/5/rotation = Quaternion(0.0426792, 0.00328015, -0.0240957, 0.998793)
bones/6/rotation = Quaternion(0.0426569, 0.00329899, -0.0241049, 0.998794)
bones/9/rotation = Quaternion(0.00198128, 0.0349263, -0.0666638, 0.997162)
bones/10/rotation = Quaternion(0.594907, 0.0507918, 0.792202, -0.126182)
bones/11/rotation = Quaternion(0.0244227, 0.702783, -0.0853448, 0.705845)
bones/12/rotation = Quaternion(0.224012, 0.702876, 0.164824, 0.654689)
bones/13/rotation = Quaternion(0.362052, 0.521091, -0.460872, -0.620467)
bones/14/rotation = Quaternion(-0.0733182, 0.186071, 0.0405881, 0.978956)
bones/16/rotation = Quaternion(0.0654328, -0.00433365, -0.217917, 0.973762)
bones/17/rotation = Quaternion(-0.336185, -0.621662, 0.407263, 0.578492)
bones/18/rotation = Quaternion(-0.00685528, 0.00554012, -0.142162, 0.989804)
bones/20/rotation = Quaternion(-0.10052, 0.680664, 0.167109, 0.706164)
bones/21/rotation = Quaternion(0.42953, 0.833552, 0.306887, -0.162835)
bones/22/rotation = Quaternion(-0.0179231, 0.00640528, -0.195053, 0.980608)
bones/25/rotation = Quaternion(0.00795507, 0.0267459, 0.101907, 0.994403)
bones/26/rotation = Quaternion(0.624858, -0.137859, -0.70879, -0.296924)
bones/27/rotation = Quaternion(0.0351188, -0.701409, 0.0959281, 0.7054)
bones/28/rotation = Quaternion(0.127082, -0.660845, -0.100571, 0.732817)
bones/29/rotation = Quaternion(-0.572662, 0.45413, 0.573108, -0.370636)
bones/30/rotation = Quaternion(0.0111111, 0.204518, 0.0297969, 0.978346)
bones/32/rotation = Quaternion(0.0800058, 0.00541542, 0.222267, 0.971683)
bones/33/rotation = Quaternion(-0.541767, 0.453939, 0.593572, -0.384839)
bones/34/rotation = Quaternion(-0.00689503, 0.003729, -0.0931388, 0.995622)
bones/36/rotation = Quaternion(-0.105475, -0.68363, -0.162352, 0.703681)
bones/37/rotation = Quaternion(0.165403, 0.305676, -0.830006, 0.436228)
bones/38/rotation = Quaternion(-0.018199, 0.00163887, -0.0483289, 0.998664)
bones/43/rotation = Quaternion(-0.081075, 0.00387279, 0.99512, -0.056111)
bones/44/rotation = Quaternion(-0.000760736, 0.980469, -0.188943, -0.054588)
bones/45/rotation = Quaternion(-0.020167, 0.588771, -0.807752, 0.0218609)
bones/46/rotation = Quaternion(0.0019471, 7.19172e-09, -6.50072e-08, 0.999998)
bones/48/rotation = Quaternion(0.140449, 0.156176, 0.972448, -0.101139)
bones/49/rotation = Quaternion(-0.0253666, 0.987888, -0.150513, -0.0279303)
bones/50/rotation = Quaternion(-0.0465972, 0.726724, -0.68322, 0.0539559)
bones/51/rotation = Quaternion(-0.0207728, 8.75995e-08, -1.00502e-07, 0.999784)
bones/55/rotation = Quaternion(0.227152, 0.131925, -0.615502, 0.743071)

[node name="Item_WarriorSholderArmor" parent="RigPivot/Rig/GeneralSkeleton" index="0"]
transform = Transform3D(0.341252, 0.871448, -0.352313, -0.938801, 0.334683, -0.081487, 0.0469016, 0.358559, 0.932328, 0.216759, 1.35303, -0.0372741)
visible = false
bone_idx = 24

[node name="Item_WarriorSholderArmor1" parent="RigPivot/Rig/GeneralSkeleton" index="1"]
transform = Transform3D(0.73731, 0.411976, 0.535397, 0.413527, -0.901934, 0.124541, 0.5342, 0.129576, -0.835368, 0.523506, 0.112394, 0.146714)
visible = false
bone_idx = 40

[node name="Item_Sword" parent="RigPivot/Rig/GeneralSkeleton" index="2"]
transform = Transform3D(0.961474, -0.208458, -0.179202, 0.224872, 0.971377, 0.0765467, 0.158116, -0.113895, 0.98083, 0.0213848, 1.25099, -0.162895)
visible = false
bone_idx = 41

[node name="Item_SwordHolder" parent="RigPivot/Rig/GeneralSkeleton" index="3"]
transform = Transform3D(0.961474, -0.208458, -0.179202, 0.224872, 0.971377, 0.0765467, 0.158116, -0.113895, 0.98083, 0.258362, 0.00909364, 0.140419)
visible = false
bone_idx = 42

[node name="Item_WaterCanteen" parent="RigPivot/Rig/GeneralSkeleton" index="4"]
transform = Transform3D(0.990976, 0.0625632, -0.11854, -0.0545758, 0.99609, 0.0694723, 0.122423, -0.062376, 0.990516, -0.200342, 0.911158, 0.00677272)
visible = false
bone_idx = 53

[node name="Item_WaterBladder_01" parent="RigPivot/Rig/GeneralSkeleton" index="5"]
transform = Transform3D(0.990976, 0.0625632, -0.11854, -0.0545758, 0.99609, 0.0694723, 0.122423, -0.062376, 0.990516, 0.193132, 0.738972, 0.0443827)
visible = false
bone_idx = 54

[node name="SM_Prop_SpellBook_03" parent="RigPivot/Rig/GeneralSkeleton" index="6"]
transform = Transform3D(0.208543, 0.953801, -0.216273, -0.895819, 0.0975522, -0.433581, -0.392452, 0.284162, 0.874777, 0.218067, 0.942314, 0.0286526)
visible = false
bone_idx = 55

[node name="Item_Pouch" parent="RigPivot/Rig/GeneralSkeleton" index="7"]
transform = Transform3D(1.05031, 0.0600341, -0.128754, -0.0578437, 1.05808, 0.0214888, 0.129753, -0.014268, 1.05181, -0.079569, -0.0899667, 0.0369571)
visible = false
bone_idx = 56

[node name="SM_Prop_Vials" parent="RigPivot/Rig/GeneralSkeleton" index="8"]
transform = Transform3D(-0.172729, 0.0625632, -0.98298, 0.0723619, 0.99609, 0.0506822, 0.982308, -0.0623761, -0.176581, -0.192358, 0.914592, 0.01205)
visible = false
bone_idx = 57

[node name="Item_SwordSheath" parent="RigPivot/Rig/GeneralSkeleton" index="9"]
transform = Transform3D(0.384374, -0.243493, 0.890487, 0.478149, 0.877636, 0.0335884, -0.789702, 0.412875, 0.453767, 0.239562, 0.719964, 0.00282178)
visible = false
bone_idx = 58

[node name="Item_Dagger" parent="RigPivot/Rig/GeneralSkeleton" index="10"]
transform = Transform3D(0.990976, 0.0625632, -0.11854, -0.0545758, 0.99609, 0.0694723, 0.122423, -0.062376, 0.990516, 0.20619, 0.846913, 0.060665)
visible = false
bone_idx = 59

[node name="Item_CoinBag" parent="RigPivot/Rig/GeneralSkeleton" index="11"]
transform = Transform3D(0.990976, 0.0625632, -0.11854, -0.0545758, 0.99609, 0.0694723, 0.122423, -0.062376, 0.990516, -0.210466, 0.866125, 0.0138961)
visible = false
bone_idx = 60

[node name="Character_Female_Witch" parent="RigPivot/Rig/GeneralSkeleton" index="12"]
visible = false

[node name="Character_Female_Queen" parent="RigPivot/Rig/GeneralSkeleton" index="13"]
visible = false

[node name="Character_Female_Druid" parent="RigPivot/Rig/GeneralSkeleton" index="14"]
visible = false

[node name="Character_Female_Gypsy" parent="RigPivot/Rig/GeneralSkeleton" index="15"]
visible = false

[node name="Character_Female_Peasant_01" parent="RigPivot/Rig/GeneralSkeleton" index="16"]
visible = false

[node name="Character_Female_Peasant_02" parent="RigPivot/Rig/GeneralSkeleton" index="17"]
visible = false

[node name="Character_Male_Baird" parent="RigPivot/Rig/GeneralSkeleton" index="18"]
visible = false

[node name="Character_Male_Sorcerer" parent="RigPivot/Rig/GeneralSkeleton" index="19"]
visible = false

[node name="Character_Male_King" parent="RigPivot/Rig/GeneralSkeleton" index="20"]
visible = false

[node name="Character_Male_Rouge_01" parent="RigPivot/Rig/GeneralSkeleton" index="22"]
visible = false

[node name="Character_Male_Wizard" parent="RigPivot/Rig/GeneralSkeleton" index="23"]
visible = false

[node name="AnimationPlayer" parent="RigPivot/Rig" index="1"]
libraries = {
&"TEMP_EnemyAnimLibrary": ExtResource("2_bhjmh")
}

[node name="RightHandAttachment" type="BoneAttachment3D" parent="RigPivot"]
transform = Transform3D(-0.0315538, -0.0696314, 0.997074, 0.373924, -0.925954, -0.0528314, 0.926923, 0.371163, 0.0552544, -0.270825, 0.689887, -0.101344)
bone_name = "RightHand"
bone_idx = 28
use_external_skeleton = true
external_skeleton = NodePath("../Rig/GeneralSkeleton")

[node name="WeaponSlot" type="Node3D" parent="RigPivot/RightHandAttachment"]
transform = Transform3D(0.998604, -0.0369963, -0.0377162, 0.0394601, 0.996984, 0.0668198, 0.0351305, -0.0682148, 0.997052, -0.00729713, 0.0490943, 0.0338885)

[node name="SM_Prop_SwordOrnate_01" parent="RigPivot/RightHandAttachment/WeaponSlot" instance=ExtResource("2_vq338")]
transform = Transform3D(0.523173, 0.85195, 0.0217142, -0.736141, 0.438924, 0.515211, 0.429403, -0.285529, 0.856789, -0.00156301, 0.00976056, -0.00743541)

[node name="AttackRange" type="ShapeCast3D" parent="RigPivot"]
shape = SubResource("SphereShape3D_0ae5k")
target_position = Vector3(0, 0, 0)
collision_mask = 4
debug_shape_custom_color = Color(1, 0, 0, 1)

[node name="ChaseRange" type="ShapeCast3D" parent="RigPivot"]
shape = SubResource("SphereShape3D_epsjv")
collision_mask = 4

[node name="MeleeAttack" type="BoneAttachment3D" parent="."]
transform = Transform3D(-0.0315538, -0.0696314, 0.997074, 0.373924, -0.925954, -0.0528314, 0.926923, 0.371163, 0.0552544, -0.270825, -0.310113, -0.101344)
bone_name = "RightHand"
bone_idx = 28
use_external_skeleton = true
external_skeleton = NodePath("../RigPivot/Rig/GeneralSkeleton")

[node name="MeleeAttackCollider" type="ShapeCast3D" parent="MeleeAttack" node_paths=PackedStringArray("selfCollider")]
unique_name_in_owner = true
transform = Transform3D(0.533482, 0.845291, -0.0296918, -0.684584, 0.452139, 0.571765, 0.496732, -0.284699, 0.819881, -0.00893862, 0.058267, 0.0257543)
shape = SubResource("CapsuleShape3D_ixyjj")
target_position = Vector3(0, 1, 0)
margin = 0.5
collision_mask = 4
debug_shape_custom_color = Color(0.882353, 0, 0, 1)
script = ExtResource("11_0ae5k")
damage = 2.0
selfCollider = NodePath("../..")

[node name="AnimationTree" type="AnimationTree" parent="."]
root_node = NodePath("../RigPivot/Rig")
tree_root = SubResource("AnimationNodeBlendTree_jv3td")
anim_player = NodePath("../AnimationPlayer")
parameters/AttackTrigger/active = false
parameters/AttackTrigger/internal_active = false
parameters/AttackTrigger/request = 0
parameters/DeathTransition/current_state = "NotDeath"
parameters/DeathTransition/transition_request = ""
parameters/DeathTransition/current_index = 0
parameters/MoveSpace/blend_position = 0.0

[node name="AnimationPlayer" type="AnimationPlayer" parent="."]
root_node = NodePath("../RigPivot/Rig")
libraries = {
&"TEMP_EnemyAnimLibrary": ExtResource("2_bhjmh")
}

[connection signal="OnDeathTriggered" from="HealthComponent" to="StateMachine" method="OnDeathTriggered"]
[connection signal="velocity_computed" from="NavigationAgent3D" to="StateMachine" method="OnNavAgentVelocityComputed"]

[editable path="RigPivot/Rig"]
