[gd_scene load_steps=21 format=3 uid="uid://cy5lmq1djweto"]

[ext_resource type="Script" uid="uid://2ctr74rdos6v" path="res://Scripts/Enemies/StateMachine/EnemyStateMachine.cs" id="1_3u8xu"]
[ext_resource type="Script" uid="uid://b0k1rr2yuf22n" path="res://Scripts/Utilities/EnemyEntityAccessor.cs" id="1_eyhau"]
[ext_resource type="AnimationLibrary" uid="uid://beh47qlnu58iu" path="res://Animations/Humanoid/TEMP_EnemyAnimLibrary.res" id="2_bhjmh"]
[ext_resource type="Script" uid="uid://drk33mvuq0amq" path="res://Scripts/Enemies/StateMachine/EnemyMoveState.cs" id="2_fdovl"]
[ext_resource type="PackedScene" uid="uid://bbf6ttwtueode" path="res://Art/_Enemies_TEMP/SM_Prop_SwordOrnate_01.fbx" id="2_vq338"]
[ext_resource type="PackedScene" uid="uid://bvdaqn11tg0jw" path="res://Art/NPCRig.fbx" id="2_w1h0a"]
[ext_resource type="Script" uid="uid://cbt2jpgnl5vyn" path="res://Scripts/Enemies/StateMachine/EnemyAttackState.cs" id="4_dqpjx"]
[ext_resource type="Script" uid="uid://cdbdrba7wsge7" path="res://Scripts/Enemies/StateMachine/EnemyDeathState.cs" id="5_l7lc1"]
[ext_resource type="PackedScene" uid="uid://iifdnv8gbmhw" path="res://GameObjects/HealthComponent.tscn" id="5_r4olu"]
[ext_resource type="PackedScene" uid="uid://c1w3jx48j7ywr" path="res://GameObjects/MeleeAttackCast.tscn" id="6_4qhwj"]

[sub_resource type="CapsuleShape3D" id="CapsuleShape3D_pqwom"]
radius = 0.357833

[sub_resource type="AnimationNodeAnimation" id="AnimationNodeAnimation_8pn51"]
animation = &"TEMP_EnemyAnimLibrary/human_attack_sword"

[sub_resource type="AnimationNodeOneShot" id="AnimationNodeOneShot_h32hr"]
fadein_time = 0.1
fadeout_time = 0.1

[sub_resource type="AnimationNodeAnimation" id="AnimationNodeAnimation_5yyp0"]
animation = &"TEMP_EnemyAnimLibrary/human_death"

[sub_resource type="AnimationNodeTransition" id="AnimationNodeTransition_nw3li"]
xfade_time = 0.2
input_0/name = "NotDeath"
input_0/auto_advance = false
input_0/break_loop_at_end = false
input_0/reset = true
input_1/name = "Death"
input_1/auto_advance = false
input_1/break_loop_at_end = false
input_1/reset = true

[sub_resource type="AnimationNodeAnimation" id="AnimationNodeAnimation_eo4mq"]
animation = &"TEMP_EnemyAnimLibrary/human_idle"

[sub_resource type="AnimationNodeAnimation" id="AnimationNodeAnimation_15lv4"]
animation = &"TEMP_EnemyAnimLibrary/human_run"

[sub_resource type="AnimationNodeBlendSpace1D" id="AnimationNodeBlendSpace1D_76jb3"]
blend_point_0/node = SubResource("AnimationNodeAnimation_eo4mq")
blend_point_0/pos = 0.0
blend_point_1/node = SubResource("AnimationNodeAnimation_15lv4")
blend_point_1/pos = 1.0
min_space = 0.0

[sub_resource type="AnimationNodeBlendTree" id="AnimationNodeBlendTree_jv3td"]
graph_offset = Vector2(80.7958, -9.99478)
nodes/Attack1/node = SubResource("AnimationNodeAnimation_8pn51")
nodes/Attack1/position = Vector2(180, 260)
nodes/AttackTrigger/node = SubResource("AnimationNodeOneShot_h32hr")
nodes/AttackTrigger/position = Vector2(720, 180)
nodes/Death/node = SubResource("AnimationNodeAnimation_5yyp0")
nodes/Death/position = Vector2(220, 400)
nodes/DeathTransition/node = SubResource("AnimationNodeTransition_nw3li")
nodes/DeathTransition/position = Vector2(980, 300)
nodes/MoveSpace/node = SubResource("AnimationNodeBlendSpace1D_76jb3")
nodes/MoveSpace/position = Vector2(400, 100)
nodes/output/position = Vector2(1240, 320)
node_connections = [&"AttackTrigger", 0, &"MoveSpace", &"AttackTrigger", 1, &"Attack1", &"DeathTransition", 0, &"AttackTrigger", &"DeathTransition", 1, &"Death", &"output", 0, &"DeathTransition"]

[sub_resource type="CylinderShape3D" id="CylinderShape3D_0vuo0"]
radius = 0.75

[node name="Enemy" type="CharacterBody3D" node_paths=PackedStringArray("StateMachine", "HealthComponent")]
collision_layer = 9
script = ExtResource("1_eyhau")
StateMachine = NodePath("StateMachine")
HealthComponent = NodePath("HealthComponent")

[node name="StateMachine" type="Node" parent="." node_paths=PackedStringArray("initialState")]
script = ExtResource("1_3u8xu")
MaxHealth = 7.0
initialState = NodePath("MoveState")

[node name="MoveState" type="Node" parent="StateMachine"]
script = ExtResource("2_fdovl")

[node name="AttackState" type="Node" parent="StateMachine"]
script = ExtResource("4_dqpjx")

[node name="DeathState" type="Node" parent="StateMachine"]
script = ExtResource("5_l7lc1")

[node name="HealthComponent" parent="." instance=ExtResource("5_r4olu")]

[node name="CollisionShape3D" type="CollisionShape3D" parent="."]
shape = SubResource("CapsuleShape3D_pqwom")

[node name="RigPivot" type="Node3D" parent="."]
transform = Transform3D(1, 0, 0, 0, 1, 0, 0, 0, 1, 0, -1, 0)

[node name="NPCRig" parent="RigPivot" instance=ExtResource("2_w1h0a")]

[node name="GeneralSkeleton" parent="RigPivot/NPCRig" index="0"]
bones/0/position = Vector3(-0.0478286, -0.0216814, 0.0853008)
bones/0/rotation = Quaternion(-0.032696, -0.0754546, -0.0228656, 0.996351)
bones/2/rotation = Quaternion(-0.01183, -0.00455656, 0.0294699, 0.999485)
bones/3/rotation = Quaternion(-0.00849622, -0.00730386, 0.035781, 0.999297)
bones/4/rotation = Quaternion(-0.00807969, -0.0069418, 0.0363104, 0.999284)
bones/5/rotation = Quaternion(0.0268757, -0.00149615, -0.0223727, 0.999387)
bones/6/rotation = Quaternion(0.0270301, -0.00158563, -0.0224641, 0.999381)
bones/9/rotation = Quaternion(-0.000782072, 0.064624, -0.0491693, 0.996697)
bones/10/rotation = Quaternion(0.620942, 0.0406022, 0.76376, -0.171618)
bones/11/rotation = Quaternion(0.095362, 0.690641, -0.155287, 0.699862)
bones/12/rotation = Quaternion(0.178791, 0.694488, 0.0938203, 0.690593)
bones/13/rotation = Quaternion(0.362052, 0.521091, -0.460872, -0.620467)
bones/14/rotation = Quaternion(-0.0733182, 0.186071, 0.0405881, 0.978956)
bones/16/rotation = Quaternion(0.0654328, -0.00433365, -0.217917, 0.973762)
bones/17/rotation = Quaternion(-0.336185, -0.621662, 0.407263, 0.578492)
bones/18/rotation = Quaternion(-0.00685528, 0.00554012, -0.142162, 0.989804)
bones/20/rotation = Quaternion(-0.10052, 0.680664, 0.167109, 0.706164)
bones/21/rotation = Quaternion(0.42953, 0.833552, 0.306887, -0.162835)
bones/22/rotation = Quaternion(-0.0179231, 0.00640528, -0.195053, 0.980608)
bones/25/rotation = Quaternion(0.00348055, -0.0190633, 0.0839101, 0.996285)
bones/26/rotation = Quaternion(0.636497, -0.126748, -0.708448, -0.277324)
bones/27/rotation = Quaternion(0.046593, -0.699756, 0.107268, 0.704744)
bones/28/rotation = Quaternion(0.112489, -0.651282, -0.0987025, 0.743932)
bones/29/rotation = Quaternion(-0.577159, 0.442173, 0.574043, -0.376623)
bones/30/rotation = Quaternion(0.0458852, 0.181617, 0.0555573, 0.980726)
bones/32/rotation = Quaternion(0.0844067, 0.00556355, 0.225161, 0.970643)
bones/33/rotation = Quaternion(-0.526349, 0.471433, 0.58154, -0.403136)
bones/34/rotation = Quaternion(-0.00689446, 0.00376361, -0.0940019, 0.995541)
bones/36/rotation = Quaternion(-0.101783, -0.681507, -0.165719, 0.705496)
bones/37/rotation = Quaternion(0.175797, 0.2993, -0.813913, 0.465899)
bones/38/rotation = Quaternion(-0.0181864, -0.00236644, 0.0697926, 0.997393)
bones/43/rotation = Quaternion(-0.0871098, 0.00531759, 0.995154, -0.0453092)
bones/44/rotation = Quaternion(-0.00705667, 0.981126, -0.190379, -0.0331291)
bones/45/rotation = Quaternion(-0.0236859, 0.589544, -0.806995, 0.0252125)
bones/46/rotation = Quaternion(0.00170088, -4.17195e-08, -1.89234e-07, 0.999999)
bones/48/rotation = Quaternion(0.140004, 0.142875, 0.975036, -0.0963852)
bones/49/rotation = Quaternion(-0.0279437, 0.990375, -0.135111, -0.01101)
bones/50/rotation = Quaternion(-0.0484746, 0.727953, -0.681594, 0.0562633)
bones/51/rotation = Quaternion(-0.0199618, -4.33125e-08, -1.04725e-07, 0.999801)

[node name="Item_WarriorSholderArmor" parent="RigPivot/NPCRig/GeneralSkeleton" index="0"]
transform = Transform3D(0.360762, 0.906746, -0.218315, -0.932658, 0.350554, -0.0852159, -0.000738119, 0.234356, 0.972151, 0.227278, 1.34557, -0.054328)
visible = false
bone_idx = 24

[node name="Item_WarriorSholderArmor1" parent="RigPivot/NPCRig/GeneralSkeleton" index="1"]
transform = Transform3D(0.710227, 0.310614, 0.63174, 0.353741, -0.933338, 0.061214, 0.608642, 0.179997, -0.772759, 0.396415, 0.0714613, 0.218141)
visible = false
bone_idx = 40

[node name="Item_Sword" parent="RigPivot/NPCRig/GeneralSkeleton" index="2"]
transform = Transform3D(0.972213, -0.13996, -0.187654, 0.164543, 0.978733, 0.122499, 0.166518, -0.149972, 0.974567, 0.0273958, 1.24581, -0.162291)
visible = false
bone_idx = 41

[node name="Item_SwordHolder" parent="RigPivot/NPCRig/GeneralSkeleton" index="3"]
transform = Transform3D(0.972213, -0.13996, -0.187654, 0.164543, 0.978733, 0.122499, 0.166518, -0.149972, 0.974567, 0.174601, 0.00198388, 0.186543)
visible = false
bone_idx = 42

[node name="Item_WaterCanteen" parent="RigPivot/NPCRig/GeneralSkeleton" index="4"]
transform = Transform3D(0.987568, 0.0504984, -0.148863, -0.0406302, 0.996816, 0.068604, 0.151854, -0.0617027, 0.986475, -0.200336, 0.909804, 0.00175639)
visible = false
bone_idx = 53

[node name="Item_WaterBladder_01" parent="RigPivot/NPCRig/GeneralSkeleton" index="5"]
transform = Transform3D(0.987568, 0.0504984, -0.148863, -0.0406302, 0.996816, 0.068604, 0.151854, -0.0617027, 0.986475, 0.194209, 0.74316, 0.0512402)
visible = false
bone_idx = 54

[node name="SM_Prop_SpellBook_03" parent="RigPivot/NPCRig/GeneralSkeleton" index="6"]
transform = Transform3D(0.232573, 0.943488, -0.236095, -0.893133, 0.111093, -0.435858, -0.384998, 0.312233, 0.868497, 0.216763, 0.946819, 0.0360099)
visible = false
bone_idx = 55

[node name="Item_Pouch" parent="RigPivot/NPCRig/GeneralSkeleton" index="7"]
transform = Transform3D(1.0467, 0.0456777, -0.160224, -0.043063, 1.0588, 0.0205316, 0.160946, -0.0137664, 1.0475, -0.0665706, -0.0895121, 0.0367305)
visible = false
bone_idx = 56

[node name="SM_Prop_Vials" parent="RigPivot/NPCRig/GeneralSkeleton" index="8"]
transform = Transform3D(-0.20282, 0.0504984, -0.977913, 0.0707298, 0.996816, 0.0368052, 0.976658, -0.0617028, -0.205746, -0.192561, 0.913353, 0.00726413)
visible = false
bone_idx = 57

[node name="Item_SwordSheath" parent="RigPivot/NPCRig/GeneralSkeleton" index="9"]
transform = Transform3D(0.400958, -0.267857, 0.876063, 0.482838, 0.87448, 0.0463875, -0.778525, 0.404397, 0.479961, 0.242114, 0.72477, 0.0110991)
visible = false
bone_idx = 58

[node name="Item_Dagger" parent="RigPivot/NPCRig/GeneralSkeleton" index="10"]
transform = Transform3D(0.987568, 0.0504984, -0.148863, -0.0406302, 0.996816, 0.068604, 0.151854, -0.0617027, 0.986475, 0.205272, 0.851286, 0.0677716)
visible = false
bone_idx = 59

[node name="Item_CoinBag" parent="RigPivot/NPCRig/GeneralSkeleton" index="11"]
transform = Transform3D(0.987568, 0.0504984, -0.148863, -0.0406302, 0.996816, 0.068604, 0.151854, -0.0617027, 0.986475, -0.210038, 0.864639, 0.00863084)
visible = false
bone_idx = 60

[node name="Character_Female_Witch" parent="RigPivot/NPCRig/GeneralSkeleton" index="12"]
visible = false

[node name="Character_Female_Queen" parent="RigPivot/NPCRig/GeneralSkeleton" index="13"]
visible = false

[node name="Character_Female_Druid" parent="RigPivot/NPCRig/GeneralSkeleton" index="14"]
visible = false

[node name="Character_Female_Gypsy" parent="RigPivot/NPCRig/GeneralSkeleton" index="15"]
visible = false

[node name="Character_Female_Peasant_01" parent="RigPivot/NPCRig/GeneralSkeleton" index="16"]
visible = false

[node name="Character_Female_Peasant_02" parent="RigPivot/NPCRig/GeneralSkeleton" index="17"]
visible = false

[node name="Character_Male_Baird" parent="RigPivot/NPCRig/GeneralSkeleton" index="18"]
visible = false

[node name="Character_Male_Sorcerer" parent="RigPivot/NPCRig/GeneralSkeleton" index="19"]
visible = false

[node name="Character_Male_King" parent="RigPivot/NPCRig/GeneralSkeleton" index="20"]
visible = false

[node name="Character_Male_Rouge_01" parent="RigPivot/NPCRig/GeneralSkeleton" index="22"]
visible = false

[node name="Character_Male_Wizard" parent="RigPivot/NPCRig/GeneralSkeleton" index="23"]
visible = false

[node name="AnimationPlayer" parent="RigPivot/NPCRig" index="1"]
libraries = {
&"TEMP_EnemyAnimLibrary": ExtResource("2_bhjmh")
}

[node name="RightHandAttachment" type="BoneAttachment3D" parent="RigPivot"]
transform = Transform3D(-0.153619, -0.18213, 0.9712, 0.415302, -0.903743, -0.10379, 0.896619, 0.387398, 0.214471, -0.284209, 0.711027, -0.100999)
bone_name = "RightHand"
bone_idx = 28
use_external_skeleton = true
external_skeleton = NodePath("../NPCRig/GeneralSkeleton")

[node name="WeaponSlot" type="Node3D" parent="RigPivot/RightHandAttachment"]
transform = Transform3D(0.998604, -0.0369963, -0.0377162, 0.0394601, 0.996984, 0.0668198, 0.0351305, -0.0682148, 0.997052, -0.00729713, 0.0490943, 0.0338885)

[node name="SM_Prop_SwordOrnate_01" parent="RigPivot/RightHandAttachment/WeaponSlot" instance=ExtResource("2_vq338")]
transform = Transform3D(0.523173, 0.85195, 0.0217142, -0.736141, 0.438924, 0.515211, 0.429403, -0.285529, 0.856789, -0.00156301, 0.00976056, -0.00743541)

[node name="MeleeAttack" type="BoneAttachment3D" parent="."]
transform = Transform3D(-0.153619, -0.18213, 0.9712, 0.415302, -0.903743, -0.10379, 0.896619, 0.387398, 0.214471, -0.284209, -0.288973, -0.100999)
bone_name = "RightHand"
bone_idx = 28
use_external_skeleton = true
external_skeleton = NodePath("../RigPivot/NPCRig/GeneralSkeleton")

[node name="MeleeAttackCast" parent="MeleeAttack" instance=ExtResource("6_4qhwj")]
transform = Transform3D(0.509843, 0.844207, 0.165456, -0.849531, 0.463787, 0.251396, 0.135494, -0.268732, 0.953638, -0.00729715, 0.049094, 0.0338886)
target_position = Vector3(0, 1.25, 0)
collision_mask = 4
hit_from_inside = true

[node name="AnimationTree" type="AnimationTree" parent="."]
root_node = NodePath("../RigPivot/NPCRig")
tree_root = SubResource("AnimationNodeBlendTree_jv3td")
anim_player = NodePath("../AnimationPlayer")
parameters/AttackTrigger/active = false
parameters/AttackTrigger/internal_active = false
parameters/AttackTrigger/request = 0
parameters/DeathTransition/current_state = "NotDeath"
parameters/DeathTransition/transition_request = ""
parameters/DeathTransition/current_index = 0
parameters/MoveSpace/blend_position = 0

[node name="AnimationPlayer" type="AnimationPlayer" parent="."]
root_node = NodePath("../RigPivot/NPCRig")
libraries = {
&"TEMP_EnemyAnimLibrary": ExtResource("2_bhjmh")
}

[node name="TargetDetector" type="ShapeCast3D" parent="."]
shape = SubResource("CylinderShape3D_0vuo0")
target_position = Vector3(0, 0, 1.25)
collision_mask = 4
debug_shape_custom_color = Color(1, 0, 0, 1)

[connection signal="TriggerDefeat" from="HealthComponent" to="StateMachine" method="OnHealthComponentTriggerDefeat"]

[editable path="RigPivot/NPCRig"]
