[gd_scene load_steps=22 format=3 uid="uid://cy5lmq1djweto"]

[ext_resource type="Script" uid="uid://2ctr74rdos6v" path="res://Scripts/Enemies/StateMachine/EnemyStateMachine.cs" id="1_3u8xu"]
[ext_resource type="Script" uid="uid://b0k1rr2yuf22n" path="res://Scripts/Utilities/EnemyEntityAccessor.cs" id="1_eyhau"]
[ext_resource type="AnimationLibrary" uid="uid://beh47qlnu58iu" path="res://Animations/Humanoid/TEMP_EnemyAnimLibrary.res" id="2_bhjmh"]
[ext_resource type="Script" uid="uid://drk33mvuq0amq" path="res://Scripts/Enemies/StateMachine/EnemyMoveState.cs" id="2_fdovl"]
[ext_resource type="PackedScene" uid="uid://bbf6ttwtueode" path="res://Art/_Enemies_TEMP/SM_Prop_SwordOrnate_01.fbx" id="2_vq338"]
[ext_resource type="PackedScene" uid="uid://bvdaqn11tg0jw" path="res://Art/NPCRig.fbx" id="2_w1h0a"]
[ext_resource type="Script" uid="uid://cbt2jpgnl5vyn" path="res://Scripts/Enemies/StateMachine/EnemyAttackState.cs" id="4_dqpjx"]
[ext_resource type="Script" uid="uid://cdbdrba7wsge7" path="res://Scripts/Enemies/StateMachine/EnemyDeathState.cs" id="5_l7lc1"]
[ext_resource type="PackedScene" uid="uid://iifdnv8gbmhw" path="res://GameObjects/HealthComponent.tscn" id="5_r4olu"]
[ext_resource type="Script" uid="uid://dg50c86hmopvc" path="res://Scripts/Combat/Damager.cs" id="11_0ae5k"]

[sub_resource type="CapsuleShape3D" id="CapsuleShape3D_pqwom"]
radius = 0.357833

[sub_resource type="CapsuleShape3D" id="CapsuleShape3D_ixyjj"]
radius = 0.25

[sub_resource type="AnimationNodeAnimation" id="AnimationNodeAnimation_8pn51"]
animation = &"TEMP_EnemyAnimLibrary/human_attack_sword"

[sub_resource type="AnimationNodeOneShot" id="AnimationNodeOneShot_h32hr"]
fadein_time = 0.1
fadeout_time = 0.1

[sub_resource type="AnimationNodeAnimation" id="AnimationNodeAnimation_5yyp0"]
animation = &"TEMP_EnemyAnimLibrary/human_death"

[sub_resource type="AnimationNodeTransition" id="AnimationNodeTransition_nw3li"]
xfade_time = 0.2
input_0/name = "NotDeath"
input_0/auto_advance = false
input_0/break_loop_at_end = false
input_0/reset = true
input_1/name = "Death"
input_1/auto_advance = false
input_1/break_loop_at_end = false
input_1/reset = true

[sub_resource type="AnimationNodeAnimation" id="AnimationNodeAnimation_eo4mq"]
animation = &"TEMP_EnemyAnimLibrary/human_idle"

[sub_resource type="AnimationNodeAnimation" id="AnimationNodeAnimation_15lv4"]
animation = &"TEMP_EnemyAnimLibrary/human_run"

[sub_resource type="AnimationNodeBlendSpace1D" id="AnimationNodeBlendSpace1D_76jb3"]
blend_point_0/node = SubResource("AnimationNodeAnimation_eo4mq")
blend_point_0/pos = 0.0
blend_point_1/node = SubResource("AnimationNodeAnimation_15lv4")
blend_point_1/pos = 1.0
min_space = 0.0

[sub_resource type="AnimationNodeBlendTree" id="AnimationNodeBlendTree_jv3td"]
graph_offset = Vector2(175.55, 8.61887)
nodes/Attack1/node = SubResource("AnimationNodeAnimation_8pn51")
nodes/Attack1/position = Vector2(280, 320)
nodes/AttackTrigger/node = SubResource("AnimationNodeOneShot_h32hr")
nodes/AttackTrigger/position = Vector2(720, 180)
nodes/Death/node = SubResource("AnimationNodeAnimation_5yyp0")
nodes/Death/position = Vector2(500, 540)
nodes/DeathTransition/node = SubResource("AnimationNodeTransition_nw3li")
nodes/DeathTransition/position = Vector2(980, 300)
nodes/MoveSpace/node = SubResource("AnimationNodeBlendSpace1D_76jb3")
nodes/MoveSpace/position = Vector2(500, 120)
nodes/output/position = Vector2(1240, 320)
node_connections = [&"AttackTrigger", 0, &"MoveSpace", &"AttackTrigger", 1, &"Attack1", &"DeathTransition", 0, &"AttackTrigger", &"DeathTransition", 1, &"Death", &"output", 0, &"DeathTransition"]

[sub_resource type="CylinderShape3D" id="CylinderShape3D_0vuo0"]
radius = 1.0

[node name="Enemy" type="CharacterBody3D" node_paths=PackedStringArray("StateMachine", "HealthComponent")]
collision_layer = 9
script = ExtResource("1_eyhau")
StateMachine = NodePath("StateMachine")
HealthComponent = NodePath("HealthComponent")

[node name="StateMachine" type="Node" parent="." node_paths=PackedStringArray("initialState")]
script = ExtResource("1_3u8xu")
MaxHealth = 7.0
initialState = NodePath("MoveState")

[node name="MoveState" type="Node" parent="StateMachine"]
script = ExtResource("2_fdovl")

[node name="AttackState" type="Node" parent="StateMachine"]
script = ExtResource("4_dqpjx")

[node name="DeathState" type="Node" parent="StateMachine"]
script = ExtResource("5_l7lc1")

[node name="HealthComponent" parent="." instance=ExtResource("5_r4olu")]

[node name="CollisionShape3D" type="CollisionShape3D" parent="."]
shape = SubResource("CapsuleShape3D_pqwom")

[node name="RigPivot" type="Node3D" parent="."]
transform = Transform3D(1, 0, 0, 0, 1, 0, 0, 0, 1, 0, -1, 0)

[node name="NPCRig" parent="RigPivot" instance=ExtResource("2_w1h0a")]

[node name="GeneralSkeleton" parent="RigPivot/NPCRig" index="0"]
bones/1/position = Vector3(0, 0.876276, 0)
bones/1/scale = Vector3(1, 1, 1)
bones/2/position = Vector3(2.30777e-17, 0.102766, -0.0155288)
bones/2/rotation = Quaternion(0.0825458, -0.057688, 0.00293659, 0.994912)
bones/2/scale = Vector3(1, 1, 0.999999)
bones/5/position = Vector3(-6.90113e-18, 0.111566, 0.0084994)
bones/5/rotation = Quaternion(0.0413389, 0.0939066, -0.0137479, 0.994627)
bones/5/scale = Vector3(1, 1, 1)
bones/6/position = Vector3(-4.03321e-17, 0.1201, 0.0193233)
bones/6/rotation = Quaternion(0.0413394, 0.0939066, -0.0137477, 0.994627)
bones/6/scale = Vector3(0.999999, 1, 1)
bones/7/position = Vector3(-5.39264e-17, 0.094476, 0.122722)
bones/7/rotation = Quaternion(1.34111e-07, 1.61655e-16, 3.16268e-16, 1)
bones/7/scale = Vector3(1, 0.999999, 1)
bones/8/position = Vector3(-7.88846e-17, 0.127669, 0.122722)
bones/8/rotation = Quaternion(1.34111e-07, 1.61655e-16, 3.16268e-16, 1)
bones/8/scale = Vector3(1, 0.999999, 1)
bones/15/position = Vector3(0.0566557, -1.4773e-09, -2.06057e-13)
bones/15/rotation = Quaternion(-0.0364033, 0.152035, 0.229995, 0.960553)
bones/15/scale = Vector3(1, 1, 1)
bones/19/position = Vector3(0.0377979, 5.83256e-10, 7.04015e-10)
bones/19/rotation = Quaternion(-0.00451965, 0.0280399, 0.159068, 0.986859)
bones/19/scale = Vector3(1, 1, 1)
bones/23/position = Vector3(0.0300324, -1.55218e-09, 4.47244e-10)
bones/23/rotation = Quaternion(0.0166464, -0.0965254, 0.16913, 0.980714)
bones/23/scale = Vector3(1, 1, 1)
bones/24/position = Vector3(-0.0129954, 0.0473564, 0.041616)
bones/24/rotation = Quaternion(0.5, 0.5, 0.5, 0.5)
bones/31/position = Vector3(-0.0566551, 9.58222e-08, -2.01107e-07)
bones/31/rotation = Quaternion(-0.0364033, 0.152035, 0.229995, 0.960553)
bones/31/scale = Vector3(1, 1, 1)
bones/35/position = Vector3(-0.0377933, -5.26601e-06, -1.54933e-07)
bones/35/rotation = Quaternion(-0.00451965, 0.0280399, 0.159068, 0.986859)
bones/35/scale = Vector3(1, 1, 1)
bones/39/position = Vector3(-0.0300311, 1.13375e-06, 3.54188e-07)
bones/39/rotation = Quaternion(0.0166464, -0.0965253, 0.16913, 0.980714)
bones/39/scale = Vector3(1, 1, 1)
bones/40/position = Vector3(0.0744716, -1.39211, -0.0135382)
bones/40/rotation = Quaternion(0.97027, 0.00629899, 0.241938, 0.00157052)
bones/41/position = Vector3(0.00346232, -0.0471491, -0.127307)
bones/41/rotation = Quaternion(9.31323e-08, 1.92997e-08, -1.13331e-08, 1)
bones/42/position = Vector3(-1.0443e-14, -1.33745, 0.0326621)
bones/42/rotation = Quaternion(9.31323e-08, 1.92997e-08, -1.13331e-08, 1)
bones/46/position = Vector3(1.17702e-08, 0.0963863, -0.0586739)
bones/46/rotation = Quaternion(-5.96047e-08, 4.21468e-08, -1.89661e-07, 1)
bones/46/scale = Vector3(1, 1, 1)
bones/47/position = Vector3(9.60948e-09, 0.0729576, 1.30458e-08)
bones/47/rotation = Quaternion(-3.88975e-08, 1, -2.98023e-08, 3.24936e-09)
bones/47/scale = Vector3(1, 1, 1)
bones/51/position = Vector3(1.68145e-08, 0.0963863, -0.0586739)
bones/51/rotation = Quaternion(2.98023e-07, -4.21469e-08, -4.21469e-08, 1)
bones/51/scale = Vector3(1, 1, 1)
bones/52/position = Vector3(1.21127e-08, 0.0729575, 1.30458e-08)
bones/52/rotation = Quaternion(-1.80651e-08, 1, 0, 1.80651e-08)
bones/52/scale = Vector3(1, 1, 1)
bones/53/rotation = Quaternion(-5.21541e-08, 2.12312e-08, -2.46804e-08, 1)
bones/54/position = Vector3(0.202781, -0.0995453, -0.0171593)
bones/54/rotation = Quaternion(-5.21541e-08, 2.12312e-08, -2.46804e-08, 1)
bones/56/position = Vector3(-0.0231286, -0.94184, -0.0497769)
bones/56/rotation = Quaternion(0.0246604, 0, 0, 0.999696)
bones/57/position = Vector3(-0.192773, 0.053288, 0.00871111)
bones/57/rotation = Quaternion(-7.58915e-08, -0.726245, 1.00649e-08, 0.687436)
bones/58/rotation = Quaternion(0.140247, 0.554267, 0.252432, 0.780639)
bones/59/position = Vector3(0.211824, 0.0077751, 0.00491944)
bones/59/rotation = Quaternion(-5.21541e-08, 2.12312e-08, -2.46804e-08, 1)
bones/60/position = Vector3(-0.207847, 0.00376154, 0.00931909)
bones/60/rotation = Quaternion(-5.21541e-08, 2.12312e-08, -2.46804e-08, 1)

[node name="Item_WarriorSholderArmor" parent="RigPivot/NPCRig/GeneralSkeleton" index="0"]
transform = Transform3D(0.993327, -0.0153673, -0.114304, -0.0036804, 0.986354, -0.16459, 0.115274, 0.163913, 0.979716, 0.23504, 1.4325, 0.0412349)
visible = false
bone_idx = 24

[node name="Item_WarriorSholderArmor1" parent="RigPivot/NPCRig/GeneralSkeleton" index="1"]
transform = Transform3D(0.823099, 0.026056, 0.5673, -0.0677137, -0.987316, 0.143593, 0.563846, -0.156606, -0.810895, 0.01327, 0.0108033, -0.160793)
visible = false
bone_idx = 40

[node name="Item_Sword" parent="RigPivot/NPCRig/GeneralSkeleton" index="2"]
transform = Transform3D(0.993327, -0.0153671, -0.114304, -0.00368056, 0.986354, -0.164591, 0.115274, 0.163913, 0.979716, 0.0151663, 1.30981, -0.105622)
visible = false
bone_idx = 41

[node name="Item_SwordHolder" parent="RigPivot/NPCRig/GeneralSkeleton" index="3"]
transform = Transform3D(0.993327, -0.0153671, -0.114304, -0.00368056, 0.986354, -0.164591, 0.115274, 0.163913, 0.979716, 0.01327, 0.0108035, -0.160793)
visible = false
bone_idx = 42

[node name="Item_WaterCanteen" parent="RigPivot/NPCRig/GeneralSkeleton" index="4"]
transform = Transform3D(1, 4.93609e-08, 4.24624e-08, -4.93609e-08, 1, 1.04308e-07, -4.24624e-08, -1.04308e-07, 1, -0.201144, 0.925973, 0.00419175)
visible = false
bone_idx = 53

[node name="Item_WaterBladder_01" parent="RigPivot/NPCRig/GeneralSkeleton" index="5"]
transform = Transform3D(1, 4.93609e-08, 4.24624e-08, -4.93609e-08, 1, 1.04308e-07, -4.24624e-08, -1.04308e-07, 1, 0.202781, 0.776731, -0.0171593)
visible = false
bone_idx = 54

[node name="SM_Prop_SpellBook_03" parent="RigPivot/NPCRig/GeneralSkeleton" index="6"]
transform = Transform3D(0.207507, 0.974658, -0.0835657, -0.85479, 0.139119, -0.499981, -0.475685, 0.17518, 0.861995, 0.214467, 0.981819, -0.0215693)
visible = false
bone_idx = 55

[node name="Item_Pouch" parent="RigPivot/NPCRig/GeneralSkeleton" index="7"]
transform = Transform3D(1.05988, 0, 0, 0, 1.05859, -0.0522581, 0, 0.0522581, 1.05859, -0.0231286, -0.0655643, -0.0497768)
visible = false
bone_idx = 56

[node name="SM_Prop_Vials" parent="RigPivot/NPCRig/GeneralSkeleton" index="8"]
transform = Transform3D(-0.0548626, 9.63936e-08, -0.998494, 1.24069e-07, 1, 8.97219e-08, 0.998494, -1.1896e-07, -0.0548626, -0.192773, 0.929564, 0.00871111)
visible = false
bone_idx = 57

[node name="Item_SwordSheath" parent="RigPivot/NPCRig/GeneralSkeleton" index="9"]
transform = Transform3D(0.258133, -0.238648, 0.93617, 0.549586, 0.833217, 0.0608648, -0.794558, 0.498794, 0.346239, 0.244742, 0.763295, -0.0651505)
visible = false
bone_idx = 58

[node name="Item_Dagger" parent="RigPivot/NPCRig/GeneralSkeleton" index="10"]
transform = Transform3D(1, 4.93609e-08, 4.24624e-08, -4.93609e-08, 1, 1.04308e-07, -4.24624e-08, -1.04308e-07, 1, 0.211824, 0.884051, 0.00491944)
visible = false
bone_idx = 59

[node name="Item_CoinBag" parent="RigPivot/NPCRig/GeneralSkeleton" index="11"]
transform = Transform3D(1, 4.93609e-08, 4.24624e-08, -4.93609e-08, 1, 1.04308e-07, -4.24624e-08, -1.04308e-07, 1, -0.207847, 0.880038, 0.00931909)
visible = false
bone_idx = 60

[node name="Character_Female_Witch" parent="RigPivot/NPCRig/GeneralSkeleton" index="12"]
visible = false

[node name="Character_Female_Queen" parent="RigPivot/NPCRig/GeneralSkeleton" index="13"]
visible = false

[node name="Character_Female_Druid" parent="RigPivot/NPCRig/GeneralSkeleton" index="14"]
visible = false

[node name="Character_Female_Gypsy" parent="RigPivot/NPCRig/GeneralSkeleton" index="15"]
visible = false

[node name="Character_Female_Peasant_01" parent="RigPivot/NPCRig/GeneralSkeleton" index="16"]
visible = false

[node name="Character_Female_Peasant_02" parent="RigPivot/NPCRig/GeneralSkeleton" index="17"]
visible = false

[node name="Character_Male_Baird" parent="RigPivot/NPCRig/GeneralSkeleton" index="18"]
visible = false

[node name="Character_Male_Sorcerer" parent="RigPivot/NPCRig/GeneralSkeleton" index="19"]
visible = false

[node name="Character_Male_King" parent="RigPivot/NPCRig/GeneralSkeleton" index="20"]
visible = false

[node name="Character_Male_Rouge_01" parent="RigPivot/NPCRig/GeneralSkeleton" index="22"]
visible = false

[node name="Character_Male_Wizard" parent="RigPivot/NPCRig/GeneralSkeleton" index="23"]
visible = false

[node name="AnimationPlayer" parent="RigPivot/NPCRig" index="1"]
libraries = {
&"TEMP_EnemyAnimLibrary": ExtResource("2_bhjmh")
}

[node name="RightHandAttachment" type="BoneAttachment3D" parent="RigPivot"]
transform = Transform3D(-0.114304, -0.993327, 0.015367, -0.16459, 0.00368057, -0.986355, 0.979716, -0.115274, -0.163913, -0.798034, 1.36174, -0.0633745)
bone_name = "RightHand"
bone_idx = 28
use_external_skeleton = true
external_skeleton = NodePath("../NPCRig/GeneralSkeleton")

[node name="WeaponSlot" type="Node3D" parent="RigPivot/RightHandAttachment"]
transform = Transform3D(0.998604, -0.0369963, -0.0377162, 0.0394601, 0.996984, 0.0668198, 0.0351305, -0.0682148, 0.997052, -0.00729713, 0.0490943, 0.0338885)

[node name="SM_Prop_SwordOrnate_01" parent="RigPivot/RightHandAttachment/WeaponSlot" instance=ExtResource("2_vq338")]
transform = Transform3D(0.523173, 0.85195, 0.0217142, -0.736141, 0.438924, 0.515211, 0.429403, -0.285529, 0.856789, -0.00156301, 0.00976056, -0.00743541)

[node name="MeleeAttack" type="BoneAttachment3D" parent="."]
transform = Transform3D(-0.114304, -0.993327, 0.015367, -0.16459, 0.00368057, -0.986355, 0.979716, -0.115274, -0.163913, -0.798034, 0.36174, -0.0633745)
bone_name = "RightHand"
bone_idx = 28
use_external_skeleton = true
external_skeleton = NodePath("../RigPivot/NPCRig/GeneralSkeleton")

[node name="MeleeAttackCollider" type="ShapeCast3D" parent="MeleeAttack" node_paths=PackedStringArray("selfCollider")]
unique_name_in_owner = true
transform = Transform3D(0.533482, 0.845291, -0.0296918, -0.684584, 0.452139, 0.571765, 0.496732, -0.284699, 0.819881, -0.00893862, 0.058267, 0.0257543)
shape = SubResource("CapsuleShape3D_ixyjj")
target_position = Vector3(0, 1, 0)
margin = 0.5
collision_mask = 4
debug_shape_custom_color = Color(0.882353, 0, 0, 1)
script = ExtResource("11_0ae5k")
damage = 2.0
selfCollider = NodePath("../..")

[node name="AnimationTree" type="AnimationTree" parent="."]
root_node = NodePath("../RigPivot/NPCRig")
tree_root = SubResource("AnimationNodeBlendTree_jv3td")
anim_player = NodePath("../AnimationPlayer")
parameters/AttackTrigger/active = false
parameters/AttackTrigger/internal_active = false
parameters/AttackTrigger/request = 0
parameters/DeathTransition/current_state = "NotDeath"
parameters/DeathTransition/transition_request = ""
parameters/DeathTransition/current_index = 0
parameters/MoveSpace/blend_position = 0

[node name="AnimationPlayer" type="AnimationPlayer" parent="."]
root_node = NodePath("../RigPivot/NPCRig")
libraries = {
&"TEMP_EnemyAnimLibrary": ExtResource("2_bhjmh")
}

[node name="TargetDetector" type="ShapeCast3D" parent="."]
shape = SubResource("CylinderShape3D_0vuo0")
target_position = Vector3(0, 0, 1.25)
collision_mask = 4
debug_shape_custom_color = Color(1, 0, 0, 1)

[connection signal="TriggerDefeat" from="HealthComponent" to="StateMachine" method="OnHealthComponentTriggerDefeat"]

[editable path="RigPivot/NPCRig"]
