[gd_scene load_steps=27 format=3 uid="uid://cy5lmq1djweto"]

[ext_resource type="Script" uid="uid://2ctr74rdos6v" path="res://Scripts/Enemies/StateMachine/EnemyStateMachine.cs" id="1_3u8xu"]
[ext_resource type="Script" uid="uid://b0k1rr2yuf22n" path="res://Scripts/Utilities/EnemyEntityAccessor.cs" id="1_eyhau"]
[ext_resource type="AnimationLibrary" uid="uid://beh47qlnu58iu" path="res://Animations/Humanoid/TEMP_EnemyAnimLibrary.res" id="2_bhjmh"]
[ext_resource type="PackedScene" uid="uid://bbf6ttwtueode" path="res://Art/_Enemies_TEMP/SM_Prop_SwordOrnate_01.fbx" id="2_vq338"]
[ext_resource type="PackedScene" uid="uid://bvdaqn11tg0jw" path="res://Art/NPCRig.fbx" id="2_w1h0a"]
[ext_resource type="Script" uid="uid://ct0h6lq4lcxnx" path="res://Scripts/Enemies/StateMachine/EnemyIdleState.cs" id="3_epsjv"]
[ext_resource type="Script" uid="uid://cbt2jpgnl5vyn" path="res://Scripts/Enemies/StateMachine/EnemyAttackState.cs" id="4_dqpjx"]
[ext_resource type="Script" uid="uid://cr0yy0j57hduw" path="res://Scripts/Enemies/StateMachine/EnemyChaseState.cs" id="4_is1iy"]
[ext_resource type="Script" uid="uid://cdbdrba7wsge7" path="res://Scripts/Enemies/StateMachine/EnemyDeathState.cs" id="5_l7lc1"]
[ext_resource type="PackedScene" uid="uid://iifdnv8gbmhw" path="res://GameObjects/HealthComponent.tscn" id="5_r4olu"]
[ext_resource type="Script" uid="uid://ci6f0cxl5j6n3" path="res://Scripts/Enemies/StateMachine/EnemyPatrolState.cs" id="7_is1iy"]
[ext_resource type="Script" uid="uid://bk0sli8sgv4ix" path="res://Scripts/Enemies/StateMachine/EnemyWanderState.cs" id="8_h2jgk"]
[ext_resource type="Script" uid="uid://bvh1270fg0moq" path="res://Scripts/Enemies/StateMachine/EnemySuspicionState.cs" id="9_h2jgk"]
[ext_resource type="Script" uid="uid://dg50c86hmopvc" path="res://Scripts/DamageSystem/Damager.cs" id="11_0ae5k"]

[sub_resource type="CapsuleShape3D" id="CapsuleShape3D_pqwom"]
radius = 0.357833

[sub_resource type="SphereShape3D" id="SphereShape3D_0ae5k"]
radius = 1.5

[sub_resource type="SphereShape3D" id="SphereShape3D_epsjv"]
radius = 5.0

[sub_resource type="CapsuleShape3D" id="CapsuleShape3D_ixyjj"]
radius = 0.25

[sub_resource type="AnimationNodeAnimation" id="AnimationNodeAnimation_8pn51"]
animation = &"TEMP_EnemyAnimLibrary/human_attack_sword"

[sub_resource type="AnimationNodeOneShot" id="AnimationNodeOneShot_h32hr"]
fadein_time = 0.1
fadeout_time = 0.1

[sub_resource type="AnimationNodeAnimation" id="AnimationNodeAnimation_5yyp0"]
animation = &"TEMP_EnemyAnimLibrary/human_death"

[sub_resource type="AnimationNodeTransition" id="AnimationNodeTransition_nw3li"]
xfade_time = 0.2
input_0/name = "NotDeath"
input_0/auto_advance = false
input_0/break_loop_at_end = false
input_0/reset = true
input_1/name = "Death"
input_1/auto_advance = false
input_1/break_loop_at_end = false
input_1/reset = true

[sub_resource type="AnimationNodeAnimation" id="AnimationNodeAnimation_eo4mq"]
animation = &"TEMP_EnemyAnimLibrary/human_idle"

[sub_resource type="AnimationNodeAnimation" id="AnimationNodeAnimation_15lv4"]
animation = &"TEMP_EnemyAnimLibrary/human_run"

[sub_resource type="AnimationNodeBlendSpace1D" id="AnimationNodeBlendSpace1D_76jb3"]
blend_point_0/node = SubResource("AnimationNodeAnimation_eo4mq")
blend_point_0/pos = 0.0
blend_point_1/node = SubResource("AnimationNodeAnimation_15lv4")
blend_point_1/pos = 1.0
min_space = 0.0

[sub_resource type="AnimationNodeBlendTree" id="AnimationNodeBlendTree_jv3td"]
graph_offset = Vector2(178.124, 49.2645)
nodes/Attack1/node = SubResource("AnimationNodeAnimation_8pn51")
nodes/Attack1/position = Vector2(280, 320)
nodes/AttackTrigger/node = SubResource("AnimationNodeOneShot_h32hr")
nodes/AttackTrigger/position = Vector2(720, 180)
nodes/Death/node = SubResource("AnimationNodeAnimation_5yyp0")
nodes/Death/position = Vector2(500, 540)
nodes/DeathTransition/node = SubResource("AnimationNodeTransition_nw3li")
nodes/DeathTransition/position = Vector2(980, 300)
nodes/MoveSpace/node = SubResource("AnimationNodeBlendSpace1D_76jb3")
nodes/MoveSpace/position = Vector2(500, 120)
nodes/output/position = Vector2(1240, 320)
node_connections = [&"AttackTrigger", 0, &"MoveSpace", &"AttackTrigger", 1, &"Attack1", &"DeathTransition", 0, &"AttackTrigger", &"DeathTransition", 1, &"Death", &"output", 0, &"DeathTransition"]

[node name="Enemy" type="CharacterBody3D" node_paths=PackedStringArray("StateMachine", "HealthComponent")]
collision_layer = 8
script = ExtResource("1_eyhau")
StateMachine = NodePath("StateMachine")
HealthComponent = NodePath("HealthComponent")

[node name="StateMachine" type="Node" parent="." node_paths=PackedStringArray("initialState")]
script = ExtResource("1_3u8xu")
BaseMoveSpeed = 1.5
ChaseMoveSpeed = 2.0
initialState = NodePath("IdleState")

[node name="IdleState" type="Node" parent="StateMachine"]
script = ExtResource("3_epsjv")

[node name="ChaseState" type="Node" parent="StateMachine"]
script = ExtResource("4_is1iy")

[node name="AttackState" type="Node" parent="StateMachine"]
script = ExtResource("4_dqpjx")

[node name="DeathState" type="Node" parent="StateMachine"]
script = ExtResource("5_l7lc1")

[node name="PatrolState" type="Node" parent="StateMachine"]
script = ExtResource("7_is1iy")

[node name="WanderState" type="Node" parent="StateMachine"]
script = ExtResource("8_h2jgk")

[node name="SuspicionState" type="Node" parent="StateMachine"]
script = ExtResource("9_h2jgk")

[node name="HealthComponent" parent="." instance=ExtResource("5_r4olu")]
MaxHealth = 7.0
InvulnerabilityTime = 2.0

[node name="NavigationAgent3D" type="NavigationAgent3D" parent="."]
simplify_path = true
avoidance_enabled = true
height = 2.0
max_speed = 5.0
debug_enabled = true

[node name="CollisionShape3D" type="CollisionShape3D" parent="."]
shape = SubResource("CapsuleShape3D_pqwom")

[node name="RigPivot" type="Node3D" parent="."]
transform = Transform3D(1, 0, 0, 0, 1, 0, 0, 0, 1, 0, -1, 0)

[node name="Rig" parent="RigPivot" instance=ExtResource("2_w1h0a")]

[node name="GeneralSkeleton" parent="RigPivot/Rig" index="0"]
bones/0/position = Vector3(-0.0778748, -0.0222004, 0.0748276)
bones/0/rotation = Quaternion(-0.0306808, -0.0655163, -0.039563, 0.996595)
bones/2/rotation = Quaternion(-0.0145099, -0.00994475, 0.0401275, 0.99904)
bones/3/rotation = Quaternion(0.00722639, -0.0137346, 0.0536948, 0.998437)
bones/4/rotation = Quaternion(0.00717791, -0.0115736, 0.054249, 0.998435)
bones/5/rotation = Quaternion(0.0472335, 0.00529002, -0.0249376, 0.998559)
bones/6/rotation = Quaternion(0.0473513, 0.00531049, -0.0249309, 0.998553)
bones/9/rotation = Quaternion(0.00374301, 0.0196457, -0.0837633, 0.996285)
bones/10/rotation = Quaternion(0.591003, 0.0582307, 0.794068, -0.129539)
bones/11/rotation = Quaternion(0.0220314, 0.703068, -0.082976, 0.705922)
bones/12/rotation = Quaternion(0.220511, 0.704861, 0.191284, 0.646496)
bones/13/rotation = Quaternion(0.362052, 0.521091, -0.460872, -0.620467)
bones/14/rotation = Quaternion(-0.0733182, 0.186071, 0.0405881, 0.978956)
bones/16/rotation = Quaternion(0.0654328, -0.00433365, -0.217917, 0.973762)
bones/17/rotation = Quaternion(-0.336185, -0.621662, 0.407263, 0.578492)
bones/18/rotation = Quaternion(-0.00685528, 0.00554012, -0.142162, 0.989804)
bones/20/rotation = Quaternion(-0.10052, 0.680664, 0.167109, 0.706164)
bones/21/rotation = Quaternion(0.42953, 0.833552, 0.306887, -0.162835)
bones/22/rotation = Quaternion(-0.0179231, 0.00640528, -0.195053, 0.980608)
bones/25/rotation = Quaternion(0.0109699, 0.0580225, 0.117731, 0.991288)
bones/26/rotation = Quaternion(0.619744, -0.161558, -0.709377, -0.29428)
bones/27/rotation = Quaternion(0.000723873, -0.705252, 0.0618392, 0.706254)
bones/28/rotation = Quaternion(0.146296, -0.649595, -0.127349, 0.735123)
bones/29/rotation = Quaternion(-0.568709, 0.467013, 0.570448, -0.364772)
bones/30/rotation = Quaternion(-0.0214979, 0.227879, 0.00277017, 0.973448)
bones/32/rotation = Quaternion(0.0749933, 0.00521478, 0.21896, 0.972834)
bones/33/rotation = Quaternion(-0.556257, 0.436444, 0.604713, -0.36663)
bones/34/rotation = Quaternion(-0.00689587, 0.00367614, -0.0918202, 0.995745)
bones/36/rotation = Quaternion(-0.110311, -0.68638, -0.157929, 0.701265)
bones/37/rotation = Quaternion(0.154992, 0.311553, -0.844764, 0.406555)
bones/38/rotation = Quaternion(-0.0179645, 0.0055077, -0.16251, 0.986528)
bones/43/rotation = Quaternion(-0.0720784, 0.00603265, 0.994896, -0.0703659)
bones/44/rotation = Quaternion(0.00153091, 0.981202, -0.183382, -0.0600972)
bones/45/rotation = Quaternion(-0.0207126, 0.593723, -0.80409, 0.0224525)
bones/46/rotation = Quaternion(0.00270977, -2.30422e-09, -9.0548e-08, 0.999996)
bones/48/rotation = Quaternion(0.143455, 0.166245, 0.969026, -0.113015)
bones/49/rotation = Quaternion(-0.026491, 0.986413, -0.159218, -0.0305978)
bones/50/rotation = Quaternion(-0.0477478, 0.726054, -0.683745, 0.055297)
bones/51/rotation = Quaternion(-0.0198092, -5.12287e-08, -1.0137e-07, 0.999804)
bones/55/rotation = Quaternion(0.227152, 0.131925, -0.615502, 0.743071)

[node name="Item_WarriorSholderArmor" parent="RigPivot/Rig/GeneralSkeleton" index="0"]
transform = Transform3D(0.324877, 0.854764, -0.404765, -0.944607, 0.314356, -0.0943276, 0.0466124, 0.412989, 0.909543, 0.223854, 1.3489, -0.0301297)
visible = false
bone_idx = 24

[node name="Item_WarriorSholderArmor1" parent="RigPivot/Rig/GeneralSkeleton" index="1"]
transform = Transform3D(0.751223, 0.442065, 0.490146, 0.435616, -0.889951, 0.135003, 0.495886, 0.112098, -0.861122, 0.569955, 0.129647, 0.115896)
visible = false
bone_idx = 40

[node name="Item_Sword" parent="RigPivot/Rig/GeneralSkeleton" index="2"]
transform = Transform3D(0.958706, -0.208717, -0.193186, 0.224194, 0.972582, 0.0618132, 0.174988, -0.102572, 0.979213, 0.029713, 1.25253, -0.166137)
visible = false
bone_idx = 41

[node name="Item_SwordHolder" parent="RigPivot/Rig/GeneralSkeleton" index="3"]
transform = Transform3D(0.958706, -0.208717, -0.193186, 0.224194, 0.972582, 0.0618132, 0.174988, -0.102572, 0.979213, 0.264797, 0.00672328, 0.12225)
visible = false
bone_idx = 42

[node name="Item_WaterCanteen" parent="RigPivot/Rig/GeneralSkeleton" index="4"]
transform = Transform3D(0.988285, 0.0828768, -0.128159, -0.0748364, 0.994987, 0.0663366, 0.133014, -0.0559686, 0.989533, -0.200458, 0.914461, 0.000395101)
visible = false
bone_idx = 53

[node name="Item_WaterBladder_01" parent="RigPivot/Rig/GeneralSkeleton" index="5"]
transform = Transform3D(0.988285, 0.0828768, -0.128159, -0.0748364, 0.994987, 0.0663366, 0.133014, -0.0559686, 0.989533, 0.189102, 0.734323, 0.041348)
visible = false
bone_idx = 54

[node name="SM_Prop_SpellBook_03" parent="RigPivot/Rig/GeneralSkeleton" index="6"]
transform = Transform3D(0.195197, 0.952318, -0.234496, -0.897589, 0.0771023, -0.434039, -0.395263, 0.295204, 0.86984, 0.218214, 0.937216, 0.0270601)
visible = false
bone_idx = 55

[node name="Item_Pouch" parent="RigPivot/Rig/GeneralSkeleton" index="7"]
transform = Transform3D(1.04746, 0.0810351, -0.139998, -0.0793175, 1.05675, 0.018227, 0.140979, -0.00753652, 1.05043, -0.0997868, -0.0890072, 0.0261648)
visible = false
bone_idx = 56

[node name="SM_Prop_Vials" parent="RigPivot/Rig/GeneralSkeleton" index="8"]
transform = Transform3D(-0.182186, 0.0828768, -0.979765, 0.0703425, 0.994987, 0.0710843, 0.980745, -0.0559686, -0.187102, -0.192467, 0.917708, 0.00577956)
visible = false
bone_idx = 57

[node name="Item_SwordSheath" parent="RigPivot/Rig/GeneralSkeleton" index="9"]
transform = Transform3D(0.402486, -0.230723, 0.885873, 0.474805, 0.879988, 0.0134683, -0.782666, 0.415196, 0.463732, 0.235609, 0.714631, 0.00019259)
visible = false
bone_idx = 58

[node name="Item_Dagger" parent="RigPivot/Rig/GeneralSkeleton" index="10"]
transform = Transform3D(0.988285, 0.0828768, -0.128159, -0.0748364, 0.994987, 0.0663366, 0.133014, -0.0559686, 0.989533, 0.204104, 0.841893, 0.0583919)
visible = false
bone_idx = 59

[node name="Item_CoinBag" parent="RigPivot/Rig/GeneralSkeleton" index="11"]
transform = Transform3D(0.988285, 0.0828768, -0.128159, -0.0748364, 0.994987, 0.0663366, 0.133014, -0.0559686, 0.989533, -0.211546, 0.869598, 0.00714811)
visible = false
bone_idx = 60

[node name="Character_Female_Witch" parent="RigPivot/Rig/GeneralSkeleton" index="12"]
visible = false

[node name="Character_Female_Queen" parent="RigPivot/Rig/GeneralSkeleton" index="13"]
visible = false

[node name="Character_Female_Druid" parent="RigPivot/Rig/GeneralSkeleton" index="14"]
visible = false

[node name="Character_Female_Gypsy" parent="RigPivot/Rig/GeneralSkeleton" index="15"]
visible = false

[node name="Character_Female_Peasant_01" parent="RigPivot/Rig/GeneralSkeleton" index="16"]
visible = false

[node name="Character_Female_Peasant_02" parent="RigPivot/Rig/GeneralSkeleton" index="17"]
visible = false

[node name="Character_Male_Baird" parent="RigPivot/Rig/GeneralSkeleton" index="18"]
visible = false

[node name="Character_Male_Sorcerer" parent="RigPivot/Rig/GeneralSkeleton" index="19"]
visible = false

[node name="Character_Male_King" parent="RigPivot/Rig/GeneralSkeleton" index="20"]
visible = false

[node name="Character_Male_Rouge_01" parent="RigPivot/Rig/GeneralSkeleton" index="22"]
visible = false

[node name="Character_Male_Wizard" parent="RigPivot/Rig/GeneralSkeleton" index="23"]
visible = false

[node name="AnimationPlayer" parent="RigPivot/Rig" index="1"]
libraries = {
&"TEMP_EnemyAnimLibrary": ExtResource("2_bhjmh")
}

[node name="RightHandAttachment" type="BoneAttachment3D" parent="RigPivot"]
transform = Transform3D(-0.000524633, -0.0739804, 0.997259, 0.385927, -0.920016, -0.0680471, 0.922529, 0.384834, 0.0290337, -0.271678, 0.683415, -0.0975765)
bone_name = "RightHand"
bone_idx = 28
use_external_skeleton = true
external_skeleton = NodePath("../Rig/GeneralSkeleton")

[node name="WeaponSlot" type="Node3D" parent="RigPivot/RightHandAttachment"]
transform = Transform3D(0.998604, -0.0369963, -0.0377162, 0.0394601, 0.996984, 0.0668198, 0.0351305, -0.0682148, 0.997052, -0.00729713, 0.0490943, 0.0338885)

[node name="SM_Prop_SwordOrnate_01" parent="RigPivot/RightHandAttachment/WeaponSlot" instance=ExtResource("2_vq338")]
transform = Transform3D(0.523173, 0.85195, 0.0217142, -0.736141, 0.438924, 0.515211, 0.429403, -0.285529, 0.856789, -0.00156301, 0.00976056, -0.00743541)

[node name="AttackRange" type="ShapeCast3D" parent="RigPivot"]
shape = SubResource("SphereShape3D_0ae5k")
target_position = Vector3(0, 0, 0)
collision_mask = 4
debug_shape_custom_color = Color(1, 0, 0, 1)

[node name="ChaseRange" type="ShapeCast3D" parent="RigPivot"]
shape = SubResource("SphereShape3D_epsjv")
collision_mask = 4

[node name="MeleeAttack" type="BoneAttachment3D" parent="."]
transform = Transform3D(-0.000524633, -0.0739804, 0.997259, 0.385927, -0.920016, -0.0680471, 0.922529, 0.384834, 0.0290337, -0.271678, -0.316585, -0.0975765)
bone_name = "RightHand"
bone_idx = 28
use_external_skeleton = true
external_skeleton = NodePath("../RigPivot/Rig/GeneralSkeleton")

[node name="MeleeAttackCollider" type="ShapeCast3D" parent="MeleeAttack" node_paths=PackedStringArray("selfCollider")]
unique_name_in_owner = true
transform = Transform3D(0.533482, 0.845291, -0.0296918, -0.684584, 0.452139, 0.571765, 0.496732, -0.284699, 0.819881, -0.00893862, 0.058267, 0.0257543)
shape = SubResource("CapsuleShape3D_ixyjj")
target_position = Vector3(0, 1, 0)
margin = 0.5
collision_mask = 4
debug_shape_custom_color = Color(0.882353, 0, 0, 1)
script = ExtResource("11_0ae5k")
damage = 2.0
selfCollider = NodePath("../..")

[node name="AnimationTree" type="AnimationTree" parent="."]
root_node = NodePath("../RigPivot/Rig")
tree_root = SubResource("AnimationNodeBlendTree_jv3td")
anim_player = NodePath("../AnimationPlayer")
parameters/AttackTrigger/active = false
parameters/AttackTrigger/internal_active = false
parameters/AttackTrigger/request = 0
parameters/DeathTransition/current_state = "NotDeath"
parameters/DeathTransition/transition_request = ""
parameters/DeathTransition/current_index = 0
parameters/MoveSpace/blend_position = 0.0

[node name="AnimationPlayer" type="AnimationPlayer" parent="."]
root_node = NodePath("../RigPivot/Rig")
libraries = {
&"TEMP_EnemyAnimLibrary": ExtResource("2_bhjmh")
}

[connection signal="OnDeathTriggered" from="HealthComponent" to="StateMachine" method="ChangeToDeathState"]
[connection signal="velocity_computed" from="NavigationAgent3D" to="StateMachine" method="OnNavAgentVelocityComputed"]

[editable path="RigPivot/Rig"]
