[gd_scene load_steps=21 format=3 uid="uid://cy5lmq1djweto"]

[ext_resource type="Script" path="res://Scripts/Enemies/StateMachine/EnemyStateMachine.cs" id="1_3u8xu"]
[ext_resource type="Script" path="res://Scripts/Utilities/EnemyEntityAccessor.cs" id="1_eyhau"]
[ext_resource type="AnimationLibrary" uid="uid://beh47qlnu58iu" path="res://Animations/Humanoid/TEMP_EnemyAnimLibrary.res" id="2_bhjmh"]
[ext_resource type="Script" path="res://Scripts/Enemies/StateMachine/EnemyMoveState.cs" id="2_fdovl"]
[ext_resource type="PackedScene" uid="uid://bbf6ttwtueode" path="res://Art/_Enemies_TEMP/SM_Prop_SwordOrnate_01.fbx" id="2_vq338"]
[ext_resource type="PackedScene" uid="uid://bvdaqn11tg0jw" path="res://Art/NPCRig.fbx" id="2_w1h0a"]
[ext_resource type="Script" path="res://Scripts/Enemies/StateMachine/EnemyAttackState.cs" id="4_dqpjx"]
[ext_resource type="Script" path="res://Scripts/Enemies/StateMachine/EnemyDeathState.cs" id="5_l7lc1"]
[ext_resource type="PackedScene" uid="uid://iifdnv8gbmhw" path="res://GameObjects/HealthComponent.tscn" id="5_r4olu"]
[ext_resource type="PackedScene" uid="uid://c1w3jx48j7ywr" path="res://GameObjects/MeleeAttackCast.tscn" id="6_4qhwj"]

[sub_resource type="CapsuleShape3D" id="CapsuleShape3D_pqwom"]
radius = 0.357833

[sub_resource type="AnimationNodeAnimation" id="AnimationNodeAnimation_8pn51"]
animation = &"TEMP_EnemyAnimLibrary/human_attack_sword"

[sub_resource type="AnimationNodeOneShot" id="AnimationNodeOneShot_h32hr"]
fadein_time = 0.1
fadeout_time = 0.1

[sub_resource type="AnimationNodeAnimation" id="AnimationNodeAnimation_5yyp0"]
animation = &"TEMP_EnemyAnimLibrary/human_death"

[sub_resource type="AnimationNodeTransition" id="AnimationNodeTransition_nw3li"]
xfade_time = 0.2
input_0/name = "NotDeath"
input_0/auto_advance = false
input_0/break_loop_at_end = false
input_0/reset = true
input_1/name = "Death"
input_1/auto_advance = false
input_1/break_loop_at_end = false
input_1/reset = true

[sub_resource type="AnimationNodeAnimation" id="AnimationNodeAnimation_eo4mq"]
animation = &"TEMP_EnemyAnimLibrary/human_idle"

[sub_resource type="AnimationNodeAnimation" id="AnimationNodeAnimation_15lv4"]
animation = &"TEMP_EnemyAnimLibrary/human_run"

[sub_resource type="AnimationNodeBlendSpace1D" id="AnimationNodeBlendSpace1D_76jb3"]
blend_point_0/node = SubResource("AnimationNodeAnimation_eo4mq")
blend_point_0/pos = 0.0
blend_point_1/node = SubResource("AnimationNodeAnimation_15lv4")
blend_point_1/pos = 1.0
min_space = 0.0

[sub_resource type="AnimationNodeBlendTree" id="AnimationNodeBlendTree_jv3td"]
graph_offset = Vector2(-34.403, 36.45)
nodes/Attack1/node = SubResource("AnimationNodeAnimation_8pn51")
nodes/Attack1/position = Vector2(180, 260)
nodes/AttackTrigger/node = SubResource("AnimationNodeOneShot_h32hr")
nodes/AttackTrigger/position = Vector2(720, 180)
nodes/Death/node = SubResource("AnimationNodeAnimation_5yyp0")
nodes/Death/position = Vector2(220, 400)
nodes/DeathTransition/node = SubResource("AnimationNodeTransition_nw3li")
nodes/DeathTransition/position = Vector2(980, 300)
nodes/MoveSpace/node = SubResource("AnimationNodeBlendSpace1D_76jb3")
nodes/MoveSpace/position = Vector2(400, 100)
nodes/output/position = Vector2(1240, 320)
node_connections = [&"AttackTrigger", 0, &"MoveSpace", &"AttackTrigger", 1, &"Attack1", &"DeathTransition", 0, &"AttackTrigger", &"DeathTransition", 1, &"Death", &"output", 0, &"DeathTransition"]

[sub_resource type="CylinderShape3D" id="CylinderShape3D_0vuo0"]
radius = 0.75

[node name="Enemy" type="CharacterBody3D" node_paths=PackedStringArray("StateMachine", "HealthComponent")]
collision_layer = 9
script = ExtResource("1_eyhau")
StateMachine = NodePath("StateMachine")
HealthComponent = NodePath("HealthComponent")

[node name="StateMachine" type="Node" parent="." node_paths=PackedStringArray("initialState")]
script = ExtResource("1_3u8xu")
MaxHealth = 7.0
initialState = NodePath("MoveState")

[node name="MoveState" type="Node" parent="StateMachine"]
script = ExtResource("2_fdovl")

[node name="AttackState" type="Node" parent="StateMachine"]
script = ExtResource("4_dqpjx")

[node name="DeathState" type="Node" parent="StateMachine"]
script = ExtResource("5_l7lc1")

[node name="HealthComponent" parent="." instance=ExtResource("5_r4olu")]

[node name="CollisionShape3D" type="CollisionShape3D" parent="."]
shape = SubResource("CapsuleShape3D_pqwom")

[node name="RigPivot" type="Node3D" parent="."]
transform = Transform3D(1, 0, 0, 0, 1, 0, 0, 0, 1, 0, -1, 0)

[node name="NPCRig" parent="RigPivot" instance=ExtResource("2_w1h0a")]

[node name="GeneralSkeleton" parent="RigPivot/NPCRig" index="0"]
bones/0/position = Vector3(-0.0657858, -0.0212906, 0.0797781)
bones/0/rotation = Quaternion(-0.0318978, -0.0677033, -0.0345529, 0.996597)
bones/2/rotation = Quaternion(-0.00540994, -0.00903235, 0.0406224, 0.999119)
bones/3/rotation = Quaternion(0.0146316, -0.0121033, 0.0510558, 0.998515)
bones/4/rotation = Quaternion(0.0150113, -0.0103382, 0.0513478, 0.998515)
bones/5/rotation = Quaternion(0.0393126, 0.00493379, -0.0325934, 0.998683)
bones/6/rotation = Quaternion(0.0393156, 0.0049445, -0.0326208, 0.998682)
bones/9/rotation = Quaternion(0.0047395, 0.0115678, -0.0949036, 0.995408)
bones/10/rotation = Quaternion(0.618801, 0.0844006, 0.768213, -0.140747)
bones/11/rotation = Quaternion(0.0215437, 0.703125, -0.082493, 0.705937)
bones/12/rotation = Quaternion(0.219543, 0.688, 0.165016, 0.671734)
bones/13/rotation = Quaternion(0.362052, 0.521091, -0.460872, -0.620467)
bones/14/rotation = Quaternion(-0.0733182, 0.186071, 0.0405881, 0.978956)
bones/16/rotation = Quaternion(0.0654328, -0.00433365, -0.217917, 0.973762)
bones/17/rotation = Quaternion(-0.336185, -0.621662, 0.407263, 0.578492)
bones/18/rotation = Quaternion(-0.00685528, 0.00554012, -0.142162, 0.989804)
bones/20/rotation = Quaternion(-0.10052, 0.680664, 0.167109, 0.706164)
bones/21/rotation = Quaternion(0.42953, 0.833552, 0.306887, -0.162835)
bones/22/rotation = Quaternion(-0.0179231, 0.00640528, -0.195053, 0.980608)
bones/25/rotation = Quaternion(0.01073, 0.0566196, 0.114963, 0.991697)
bones/26/rotation = Quaternion(0.620549, -0.163195, -0.705523, -0.300872)
bones/27/rotation = Quaternion(0.0218162, -0.703093, 0.0827612, 0.705928)
bones/28/rotation = Quaternion(0.138863, -0.647012, -0.117594, 0.740448)
bones/29/rotation = Quaternion(-0.569197, 0.465584, 0.570674, -0.365482)
bones/30/rotation = Quaternion(-0.0176208, 0.225775, 0.00650119, 0.973998)
bones/32/rotation = Quaternion(0.0748193, 0.00520732, 0.218845, 0.972873)
bones/33/rotation = Quaternion(-0.554382, 0.438769, 0.603281, -0.369046)
bones/34/rotation = Quaternion(-0.00689534, 0.00370958, -0.0926537, 0.995668)
bones/36/rotation = Quaternion(-0.110105, -0.686264, -0.158118, 0.701369)
bones/37/rotation = Quaternion(0.156068, 0.310968, -0.843299, 0.40962)
bones/38/rotation = Quaternion(-0.0179982, 0.00513293, -0.151444, 0.988289)
bones/43/rotation = Quaternion(-0.0778232, 0.00329037, 0.995066, -0.0614582)
bones/44/rotation = Quaternion(0.000230388, 0.981952, -0.181932, -0.0516728)
bones/45/rotation = Quaternion(-0.0200309, 0.594008, -0.803928, 0.0213092)
bones/46/rotation = Quaternion(0.00104219, -9.22875e-08, -2.39802e-07, 1)
bones/48/rotation = Quaternion(0.144142, 0.158494, 0.970891, -0.107115)
bones/49/rotation = Quaternion(-0.024686, 0.987662, -0.152554, -0.0253318)
bones/50/rotation = Quaternion(-0.0456238, 0.726438, -0.683672, 0.0529056)
bones/51/rotation = Quaternion(-0.0204256, 3.15472e-08, -1.0231e-07, 0.999791)

[node name="Item_WarriorSholderArmor" parent="RigPivot/NPCRig/GeneralSkeleton" index="0"]
transform = Transform3D(0.354067, 0.86815, -0.347783, -0.934955, 0.337446, -0.109501, 0.0222947, 0.363932, 0.931159, 0.223791, 1.35159, -0.0192613)
visible = false
bone_idx = 24

[node name="Item_WarriorSholderArmor1" parent="RigPivot/NPCRig/GeneralSkeleton" index="1"]
transform = Transform3D(0.752024, 0.443803, 0.487338, 0.41311, -0.893476, 0.17618, 0.513615, 0.0688322, -0.855255, 0.570619, 0.126439, 0.0689367)
visible = false
bone_idx = 40

[node name="Item_Sword" parent="RigPivot/NPCRig/GeneralSkeleton" index="2"]
transform = Transform3D(0.958215, -0.216004, -0.187526, 0.222771, 0.974747, 0.0155339, 0.179435, -0.0566601, 0.982137, 0.0277763, 1.26093, -0.15868)
visible = false
bone_idx = 41

[node name="Item_SwordHolder" parent="RigPivot/NPCRig/GeneralSkeleton" index="3"]
transform = Transform3D(0.958215, -0.216004, -0.187526, 0.222771, 0.974747, 0.0155339, 0.179435, -0.0566601, 0.982137, 0.273169, 0.00493097, 0.0709193)
visible = false
bone_idx = 42

[node name="Item_WaterCanteen" parent="RigPivot/NPCRig/GeneralSkeleton" index="4"]
transform = Transform3D(0.988445, 0.0731899, -0.132741, -0.0645515, 0.995577, 0.0682573, 0.13715, -0.0588999, 0.988798, -0.19739, 0.913857, 0.00179633)
visible = false
bone_idx = 53

[node name="Item_WaterBladder_01" parent="RigPivot/NPCRig/GeneralSkeleton" index="5"]
transform = Transform3D(0.988445, 0.0731899, -0.132741, -0.0645515, 0.995577, 0.0682573, 0.13715, -0.0588999, 0.988798, 0.193778, 0.737744, 0.044873)
visible = false
bone_idx = 54

[node name="SM_Prop_SpellBook_03" parent="RigPivot/NPCRig/GeneralSkeleton" index="6"]
transform = Transform3D(0.20569, 0.950324, -0.233616, -0.896873, 0.0875452, -0.433538, -0.391549, 0.298698, 0.870327, 0.220925, 0.94087, 0.0300355)
visible = false
bone_idx = 55

[node name="Item_Pouch" parent="RigPivot/NPCRig/GeneralSkeleton" index="7"]
transform = Transform3D(1.04763, 0.0705412, -0.144343, -0.0684167, 1.05747, 0.0202293, 0.145362, -0.010678, 1.04981, -0.0868383, -0.0884697, 0.0312485)
visible = false
bone_idx = 56

[node name="SM_Prop_Vials" parent="RigPivot/NPCRig/GeneralSkeleton" index="8"]
transform = Transform3D(-0.18677, 0.0731899, -0.979674, 0.071696, 0.995577, 0.0607095, 0.979784, -0.0588999, -0.191191, -0.189453, 0.917201, 0.00720156)
visible = false
bone_idx = 57

[node name="Item_SwordSheath" parent="RigPivot/NPCRig/GeneralSkeleton" index="9"]
transform = Transform3D(0.400845, -0.241118, 0.883847, 0.476258, 0.878984, 0.0237976, -0.782625, 0.4114, 0.467171, 0.240641, 0.718383, 0.00396581)
visible = false
bone_idx = 58

[node name="Item_Dagger" parent="RigPivot/NPCRig/GeneralSkeleton" index="10"]
transform = Transform3D(0.988445, 0.0731899, -0.132741, -0.0645515, 0.995577, 0.0682573, 0.13715, -0.0588999, 0.988798, 0.207641, 0.845513, 0.0616235)
visible = false
bone_idx = 59

[node name="Item_CoinBag" parent="RigPivot/NPCRig/GeneralSkeleton" index="11"]
transform = Transform3D(0.988445, 0.0731899, -0.132741, -0.0645515, 0.995577, 0.0682573, 0.13715, -0.0588999, 0.988798, -0.208058, 0.868908, 0.0086525)
visible = false
bone_idx = 60

[node name="Character_Female_Witch" parent="RigPivot/NPCRig/GeneralSkeleton" index="12"]
visible = false

[node name="Character_Female_Queen" parent="RigPivot/NPCRig/GeneralSkeleton" index="13"]
visible = false

[node name="Character_Female_Druid" parent="RigPivot/NPCRig/GeneralSkeleton" index="14"]
visible = false

[node name="Character_Female_Gypsy" parent="RigPivot/NPCRig/GeneralSkeleton" index="15"]
visible = false

[node name="Character_Female_Peasant_01" parent="RigPivot/NPCRig/GeneralSkeleton" index="16"]
visible = false

[node name="Character_Female_Peasant_02" parent="RigPivot/NPCRig/GeneralSkeleton" index="17"]
visible = false

[node name="Character_Male_Baird" parent="RigPivot/NPCRig/GeneralSkeleton" index="18"]
visible = false

[node name="Character_Male_Sorcerer" parent="RigPivot/NPCRig/GeneralSkeleton" index="19"]
visible = false

[node name="Character_Male_King" parent="RigPivot/NPCRig/GeneralSkeleton" index="20"]
visible = false

[node name="Character_Male_Rouge_01" parent="RigPivot/NPCRig/GeneralSkeleton" index="22"]
visible = false

[node name="Character_Male_Wizard" parent="RigPivot/NPCRig/GeneralSkeleton" index="23"]
visible = false

[node name="AnimationPlayer" parent="RigPivot/NPCRig" index="1"]
libraries = {
"TEMP_EnemyAnimLibrary": ExtResource("2_bhjmh")
}

[node name="RightHandAttachment" type="BoneAttachment3D" parent="RigPivot"]
transform = Transform3D(-0.00729968, -0.0780047, 0.996927, 0.367835, -0.927263, -0.0698604, 0.929862, 0.366194, 0.0354616, -0.278476, 0.690128, -0.104784)
bone_name = "RightHand"
bone_idx = 28
use_external_skeleton = true
external_skeleton = NodePath("../NPCRig/GeneralSkeleton")

[node name="WeaponSlot" type="Node3D" parent="RigPivot/RightHandAttachment"]
transform = Transform3D(0.998604, -0.0369963, -0.0377162, 0.0394601, 0.996984, 0.0668198, 0.0351305, -0.0682148, 0.997052, -0.00729713, 0.0490943, 0.0338885)

[node name="SM_Prop_SwordOrnate_01" parent="RigPivot/RightHandAttachment/WeaponSlot" instance=ExtResource("2_vq338")]
transform = Transform3D(0.523173, 0.85195, 0.0217142, -0.736141, 0.438924, 0.515211, 0.429403, -0.285529, 0.856789, -0.00156301, 0.00976056, -0.00743541)

[node name="MeleeAttack" type="BoneAttachment3D" parent="."]
transform = Transform3D(-0.00729968, -0.0780047, 0.996927, 0.367835, -0.927263, -0.0698604, 0.929862, 0.366194, 0.0354616, -0.278476, -0.309872, -0.104784)
bone_name = "RightHand"
bone_idx = 28
use_external_skeleton = true
external_skeleton = NodePath("../RigPivot/NPCRig/GeneralSkeleton")

[node name="MeleeAttackCast" parent="MeleeAttack" instance=ExtResource("6_4qhwj")]
transform = Transform3D(0.509843, 0.844207, 0.165456, -0.849531, 0.463787, 0.251396, 0.135494, -0.268732, 0.953638, -0.00729715, 0.049094, 0.0338886)
target_position = Vector3(0, 1.25, 0)
collision_mask = 4
hit_from_inside = true

[node name="AnimationTree" type="AnimationTree" parent="."]
root_node = NodePath("../RigPivot/NPCRig")
tree_root = SubResource("AnimationNodeBlendTree_jv3td")
anim_player = NodePath("../AnimationPlayer")
parameters/AttackTrigger/active = false
parameters/AttackTrigger/internal_active = false
parameters/AttackTrigger/request = 0
parameters/DeathTransition/current_state = "NotDeath"
parameters/DeathTransition/transition_request = ""
parameters/DeathTransition/current_index = 0
parameters/MoveSpace/blend_position = 0

[node name="AnimationPlayer" type="AnimationPlayer" parent="."]
root_node = NodePath("../RigPivot/NPCRig")
libraries = {
"TEMP_EnemyAnimLibrary": ExtResource("2_bhjmh")
}

[node name="TargetDetector" type="ShapeCast3D" parent="."]
shape = SubResource("CylinderShape3D_0vuo0")
target_position = Vector3(0, 0, 1.25)
collision_mask = 4
debug_shape_custom_color = Color(1, 0, 0, 1)

[connection signal="TriggerDefeat" from="HealthComponent" to="StateMachine" method="OnHealthComponentTriggerDefeat"]

[editable path="RigPivot/NPCRig"]
