[gd_scene load_steps=22 format=3 uid="uid://cy5lmq1djweto"]

[ext_resource type="Script" uid="uid://2ctr74rdos6v" path="res://Scripts/Enemies/StateMachine/EnemyStateMachine.cs" id="1_3u8xu"]
[ext_resource type="Script" uid="uid://b0k1rr2yuf22n" path="res://Scripts/Utilities/EnemyEntityAccessor.cs" id="1_eyhau"]
[ext_resource type="AnimationLibrary" uid="uid://beh47qlnu58iu" path="res://Animations/Humanoid/TEMP_EnemyAnimLibrary.res" id="2_bhjmh"]
[ext_resource type="Script" uid="uid://drk33mvuq0amq" path="res://Scripts/Enemies/StateMachine/EnemyMoveState.cs" id="2_fdovl"]
[ext_resource type="PackedScene" uid="uid://bbf6ttwtueode" path="res://Art/_Enemies_TEMP/SM_Prop_SwordOrnate_01.fbx" id="2_vq338"]
[ext_resource type="PackedScene" uid="uid://bvdaqn11tg0jw" path="res://Art/NPCRig.fbx" id="2_w1h0a"]
[ext_resource type="Script" uid="uid://cbt2jpgnl5vyn" path="res://Scripts/Enemies/StateMachine/EnemyAttackState.cs" id="4_dqpjx"]
[ext_resource type="Script" uid="uid://cdbdrba7wsge7" path="res://Scripts/Enemies/StateMachine/EnemyDeathState.cs" id="5_l7lc1"]
[ext_resource type="PackedScene" uid="uid://iifdnv8gbmhw" path="res://GameObjects/HealthComponent.tscn" id="5_r4olu"]
[ext_resource type="Script" uid="uid://dg50c86hmopvc" path="res://Scripts/DamageSystem/Damager.cs" id="11_0ae5k"]

[sub_resource type="CapsuleShape3D" id="CapsuleShape3D_pqwom"]
radius = 0.357833

[sub_resource type="CapsuleShape3D" id="CapsuleShape3D_ixyjj"]
radius = 0.25

[sub_resource type="AnimationNodeAnimation" id="AnimationNodeAnimation_8pn51"]
animation = &"TEMP_EnemyAnimLibrary/human_attack_sword"

[sub_resource type="AnimationNodeOneShot" id="AnimationNodeOneShot_h32hr"]
fadein_time = 0.1
fadeout_time = 0.1

[sub_resource type="AnimationNodeAnimation" id="AnimationNodeAnimation_5yyp0"]
animation = &"TEMP_EnemyAnimLibrary/human_death"

[sub_resource type="AnimationNodeTransition" id="AnimationNodeTransition_nw3li"]
xfade_time = 0.2
input_0/name = "NotDeath"
input_0/auto_advance = false
input_0/break_loop_at_end = false
input_0/reset = true
input_1/name = "Death"
input_1/auto_advance = false
input_1/break_loop_at_end = false
input_1/reset = true

[sub_resource type="AnimationNodeAnimation" id="AnimationNodeAnimation_eo4mq"]
animation = &"TEMP_EnemyAnimLibrary/human_idle"

[sub_resource type="AnimationNodeAnimation" id="AnimationNodeAnimation_15lv4"]
animation = &"TEMP_EnemyAnimLibrary/human_run"

[sub_resource type="AnimationNodeBlendSpace1D" id="AnimationNodeBlendSpace1D_76jb3"]
blend_point_0/node = SubResource("AnimationNodeAnimation_eo4mq")
blend_point_0/pos = 0.0
blend_point_1/node = SubResource("AnimationNodeAnimation_15lv4")
blend_point_1/pos = 1.0
min_space = 0.0

[sub_resource type="AnimationNodeBlendTree" id="AnimationNodeBlendTree_jv3td"]
graph_offset = Vector2(175.55, 8.61887)
nodes/Attack1/node = SubResource("AnimationNodeAnimation_8pn51")
nodes/Attack1/position = Vector2(280, 320)
nodes/AttackTrigger/node = SubResource("AnimationNodeOneShot_h32hr")
nodes/AttackTrigger/position = Vector2(720, 180)
nodes/Death/node = SubResource("AnimationNodeAnimation_5yyp0")
nodes/Death/position = Vector2(500, 540)
nodes/DeathTransition/node = SubResource("AnimationNodeTransition_nw3li")
nodes/DeathTransition/position = Vector2(980, 300)
nodes/MoveSpace/node = SubResource("AnimationNodeBlendSpace1D_76jb3")
nodes/MoveSpace/position = Vector2(500, 120)
nodes/output/position = Vector2(1240, 320)
node_connections = [&"AttackTrigger", 0, &"MoveSpace", &"AttackTrigger", 1, &"Attack1", &"DeathTransition", 0, &"AttackTrigger", &"DeathTransition", 1, &"Death", &"output", 0, &"DeathTransition"]

[sub_resource type="CylinderShape3D" id="CylinderShape3D_0vuo0"]
radius = 1.0

[node name="Enemy" type="CharacterBody3D" node_paths=PackedStringArray("StateMachine", "HealthComponent")]
collision_layer = 9
script = ExtResource("1_eyhau")
StateMachine = NodePath("StateMachine")
HealthComponent = NodePath("HealthComponent")

[node name="StateMachine" type="Node" parent="." node_paths=PackedStringArray("initialState")]
script = ExtResource("1_3u8xu")
initialState = NodePath("MoveState")

[node name="MoveState" type="Node" parent="StateMachine"]
script = ExtResource("2_fdovl")

[node name="AttackState" type="Node" parent="StateMachine"]
script = ExtResource("4_dqpjx")

[node name="DeathState" type="Node" parent="StateMachine"]
script = ExtResource("5_l7lc1")

[node name="HealthComponent" parent="." instance=ExtResource("5_r4olu")]
MaxHealth = 7.0
InvulnerabilityTime = 2.0

[node name="CollisionShape3D" type="CollisionShape3D" parent="."]
shape = SubResource("CapsuleShape3D_pqwom")

[node name="RigPivot" type="Node3D" parent="."]
transform = Transform3D(1, 0, 0, 0, 1, 0, 0, 0, 1, 0, -1, 0)

[node name="NPCRig" parent="RigPivot" instance=ExtResource("2_w1h0a")]

[node name="GeneralSkeleton" parent="RigPivot/NPCRig" index="0"]
bones/0/position = Vector3(-0.0778647, -0.0222009, 0.0748169)
bones/0/rotation = Quaternion(-0.0306591, -0.065507, -0.0395463, 0.996597)
bones/2/rotation = Quaternion(-0.0144889, -0.00993685, 0.0401197, 0.99904)
bones/3/rotation = Quaternion(0.00722622, -0.0137282, 0.0536769, 0.998438)
bones/4/rotation = Quaternion(0.0071898, -0.0115623, 0.054238, 0.998435)
bones/5/rotation = Quaternion(0.0471977, 0.00527938, -0.0249202, 0.998561)
bones/6/rotation = Quaternion(0.0473135, 0.00528768, -0.0249225, 0.998555)
bones/9/rotation = Quaternion(0.00374342, 0.019652, -0.0837783, 0.996284)
bones/10/rotation = Quaternion(0.591008, 0.0582594, 0.794061, -0.129547)
bones/11/rotation = Quaternion(0.0220302, 0.703068, -0.0829749, 0.705922)
bones/12/rotation = Quaternion(0.220522, 0.704923, 0.191277, 0.646426)
bones/13/rotation = Quaternion(0.362052, 0.521091, -0.460872, -0.620467)
bones/14/rotation = Quaternion(-0.0733182, 0.186071, 0.0405881, 0.978956)
bones/16/rotation = Quaternion(0.0654328, -0.00433365, -0.217917, 0.973762)
bones/17/rotation = Quaternion(-0.336185, -0.621662, 0.407263, 0.578492)
bones/18/rotation = Quaternion(-0.00685528, 0.00554012, -0.142162, 0.989804)
bones/20/rotation = Quaternion(-0.10052, 0.680664, 0.167109, 0.706164)
bones/21/rotation = Quaternion(0.42953, 0.833552, 0.306887, -0.162835)
bones/22/rotation = Quaternion(-0.0179231, 0.00640528, -0.195053, 0.980608)
bones/25/rotation = Quaternion(0.010969, 0.0580081, 0.117739, 0.991288)
bones/26/rotation = Quaternion(0.619751, -0.16162, -0.709379, -0.294226)
bones/27/rotation = Quaternion(0.000741404, -0.70525, 0.0618567, 0.706254)
bones/28/rotation = Quaternion(0.146291, -0.649649, -0.127351, 0.735076)
bones/29/rotation = Quaternion(-0.568701, 0.467036, 0.570444, -0.36476)
bones/30/rotation = Quaternion(-0.0216311, 0.227979, 0.00265281, 0.973422)
bones/32/rotation = Quaternion(0.0749834, 0.00521434, 0.218954, 0.972836)
bones/33/rotation = Quaternion(-0.55627, 0.436427, 0.604723, -0.366613)
bones/34/rotation = Quaternion(-0.00689587, 0.00367577, -0.0918109, 0.995746)
bones/36/rotation = Quaternion(-0.110321, -0.686385, -0.15792, 0.70126)
bones/37/rotation = Quaternion(0.154948, 0.311577, -0.844823, 0.406429)
bones/38/rotation = Quaternion(-0.0179631, 0.00552367, -0.162981, 0.98645)
bones/43/rotation = Quaternion(-0.0720756, 0.0060184, 0.994896, -0.0703651)
bones/44/rotation = Quaternion(0.00153194, 0.981207, -0.183352, -0.0601017)
bones/45/rotation = Quaternion(-0.0207161, 0.593728, -0.804086, 0.0224551)
bones/46/rotation = Quaternion(0.00270486, -2.48367e-09, -9.10351e-08, 0.999996)
bones/48/rotation = Quaternion(0.14347, 0.166227, 0.969025, -0.113033)
bones/49/rotation = Quaternion(-0.0264901, 0.986416, -0.159211, -0.0305518)
bones/50/rotation = Quaternion(-0.0477542, 0.726049, -0.68375, 0.0553043)
bones/51/rotation = Quaternion(-0.0198095, -5.13223e-08, -1.01401e-07, 0.999804)
bones/55/rotation = Quaternion(0.227152, 0.131925, -0.615502, 0.743071)

[node name="Item_WarriorSholderArmor" parent="RigPivot/NPCRig/GeneralSkeleton" index="0"]
transform = Transform3D(0.324862, 0.854806, -0.404687, -0.944617, 0.314308, -0.0943866, 0.0465144, 0.412937, 0.909571, 0.223826, 1.3489, -0.0300808)
visible = false
bone_idx = 24

[node name="Item_WarriorSholderArmor1" parent="RigPivot/NPCRig/GeneralSkeleton" index="1"]
transform = Transform3D(0.751248, 0.442057, 0.490114, 0.435547, -0.88997, 0.1351, 0.495909, 0.111974, -0.861125, 0.569916, 0.129631, 0.115795)
visible = false
bone_idx = 40

[node name="Item_Sword" parent="RigPivot/NPCRig/GeneralSkeleton" index="2"]
transform = Transform3D(0.958724, -0.208694, -0.19312, 0.224144, 0.9726, 0.0617071, 0.174951, -0.102447, 0.979233, 0.0296731, 1.25255, -0.166085)
visible = false
bone_idx = 41

[node name="Item_SwordHolder" parent="RigPivot/NPCRig/GeneralSkeleton" index="3"]
transform = Transform3D(0.958724, -0.208694, -0.19312, 0.224144, 0.9726, 0.0617071, 0.174951, -0.102447, 0.979233, 0.264737, 0.00670552, 0.122144)
visible = false
bone_idx = 42

[node name="Item_WaterCanteen" parent="RigPivot/NPCRig/GeneralSkeleton" index="4"]
transform = Transform3D(0.98829, 0.0828402, -0.128143, -0.0748066, 0.994992, 0.0662907, 0.132993, -0.0559285, 0.989538, -0.200483, 0.91446, 0.000425758)
visible = false
bone_idx = 53

[node name="Item_WaterBladder_01" parent="RigPivot/NPCRig/GeneralSkeleton" index="5"]
transform = Transform3D(0.98829, 0.0828402, -0.128143, -0.0748066, 0.994992, 0.0662907, 0.132993, -0.0559285, 0.989538, 0.189085, 0.734333, 0.0413641)
visible = false
bone_idx = 54

[node name="SM_Prop_SpellBook_03" parent="RigPivot/NPCRig/GeneralSkeleton" index="6"]
transform = Transform3D(0.195221, 0.952321, -0.234465, -0.897565, 0.077124, -0.434084, -0.395304, 0.29519, 0.869826, 0.218189, 0.937228, 0.0270842)
visible = false
bone_idx = 55

[node name="Item_Pouch" parent="RigPivot/NPCRig/GeneralSkeleton" index="7"]
transform = Transform3D(1.04747, 0.0809972, -0.13998, -0.0792859, 1.05675, 0.0181782, 0.140956, -0.00749385, 1.05044, -0.0997752, -0.0890064, 0.0261517)
visible = false
bone_idx = 56

[node name="SM_Prop_Vials" parent="RigPivot/NPCRig/GeneralSkeleton" index="8"]
transform = Transform3D(-0.18217, 0.0828402, -0.979771, 0.070295, 0.994992, 0.0710571, 0.980751, -0.0559286, -0.187081, -0.192492, 0.917706, 0.0058102)
visible = false
bone_idx = 57

[node name="Item_SwordSheath" parent="RigPivot/NPCRig/GeneralSkeleton" index="9"]
transform = Transform3D(0.402455, -0.230747, 0.885881, 0.474852, 0.879963, 0.0134806, -0.782653, 0.415237, 0.463716, 0.235591, 0.714644, 0.000207014)
visible = false
bone_idx = 58

[node name="Item_Dagger" parent="RigPivot/NPCRig/GeneralSkeleton" index="10"]
transform = Transform3D(0.98829, 0.0828402, -0.128143, -0.0748066, 0.994992, 0.0662907, 0.132993, -0.0559285, 0.989538, 0.204083, 0.841903, 0.0584122)
visible = false
bone_idx = 59

[node name="Item_CoinBag" parent="RigPivot/NPCRig/GeneralSkeleton" index="11"]
transform = Transform3D(0.98829, 0.0828402, -0.128143, -0.0748066, 0.994992, 0.0662907, 0.132993, -0.0559285, 0.989538, -0.211569, 0.869596, 0.00717709)
visible = false
bone_idx = 60

[node name="Character_Female_Witch" parent="RigPivot/NPCRig/GeneralSkeleton" index="12"]
visible = false

[node name="Character_Female_Queen" parent="RigPivot/NPCRig/GeneralSkeleton" index="13"]
visible = false

[node name="Character_Female_Druid" parent="RigPivot/NPCRig/GeneralSkeleton" index="14"]
visible = false

[node name="Character_Female_Gypsy" parent="RigPivot/NPCRig/GeneralSkeleton" index="15"]
visible = false

[node name="Character_Female_Peasant_01" parent="RigPivot/NPCRig/GeneralSkeleton" index="16"]
visible = false

[node name="Character_Female_Peasant_02" parent="RigPivot/NPCRig/GeneralSkeleton" index="17"]
visible = false

[node name="Character_Male_Baird" parent="RigPivot/NPCRig/GeneralSkeleton" index="18"]
visible = false

[node name="Character_Male_Sorcerer" parent="RigPivot/NPCRig/GeneralSkeleton" index="19"]
visible = false

[node name="Character_Male_King" parent="RigPivot/NPCRig/GeneralSkeleton" index="20"]
visible = false

[node name="Character_Male_Rouge_01" parent="RigPivot/NPCRig/GeneralSkeleton" index="22"]
visible = false

[node name="Character_Male_Wizard" parent="RigPivot/NPCRig/GeneralSkeleton" index="23"]
visible = false

[node name="AnimationPlayer" parent="RigPivot/NPCRig" index="1"]
libraries = {
&"TEMP_EnemyAnimLibrary": ExtResource("2_bhjmh")
}

[node name="RightHandAttachment" type="BoneAttachment3D" parent="RigPivot"]
transform = Transform3D(-0.000358731, -0.0739701, 0.99726, 0.385996, -0.919983, -0.0680993, 0.922501, 0.384914, 0.0288821, -0.27172, 0.683436, -0.0974681)
bone_name = "RightHand"
bone_idx = 28
use_external_skeleton = true
external_skeleton = NodePath("../NPCRig/GeneralSkeleton")

[node name="WeaponSlot" type="Node3D" parent="RigPivot/RightHandAttachment"]
transform = Transform3D(0.998604, -0.0369963, -0.0377162, 0.0394601, 0.996984, 0.0668198, 0.0351305, -0.0682148, 0.997052, -0.00729713, 0.0490943, 0.0338885)

[node name="SM_Prop_SwordOrnate_01" parent="RigPivot/RightHandAttachment/WeaponSlot" instance=ExtResource("2_vq338")]
transform = Transform3D(0.523173, 0.85195, 0.0217142, -0.736141, 0.438924, 0.515211, 0.429403, -0.285529, 0.856789, -0.00156301, 0.00976056, -0.00743541)

[node name="MeleeAttack" type="BoneAttachment3D" parent="."]
transform = Transform3D(-0.000358731, -0.0739701, 0.99726, 0.385996, -0.919983, -0.0680993, 0.922501, 0.384914, 0.0288821, -0.27172, -0.316564, -0.0974681)
bone_name = "RightHand"
bone_idx = 28
use_external_skeleton = true
external_skeleton = NodePath("../RigPivot/NPCRig/GeneralSkeleton")

[node name="MeleeAttackCollider" type="ShapeCast3D" parent="MeleeAttack" node_paths=PackedStringArray("selfCollider")]
unique_name_in_owner = true
transform = Transform3D(0.533482, 0.845291, -0.0296918, -0.684584, 0.452139, 0.571765, 0.496732, -0.284699, 0.819881, -0.00893862, 0.058267, 0.0257543)
shape = SubResource("CapsuleShape3D_ixyjj")
target_position = Vector3(0, 1, 0)
margin = 0.5
collision_mask = 4
debug_shape_custom_color = Color(0.882353, 0, 0, 1)
script = ExtResource("11_0ae5k")
damage = 2.0
selfCollider = NodePath("../..")

[node name="AnimationTree" type="AnimationTree" parent="."]
root_node = NodePath("../RigPivot/NPCRig")
tree_root = SubResource("AnimationNodeBlendTree_jv3td")
anim_player = NodePath("../AnimationPlayer")
parameters/AttackTrigger/active = false
parameters/AttackTrigger/internal_active = false
parameters/AttackTrigger/request = 0
parameters/DeathTransition/current_state = "NotDeath"
parameters/DeathTransition/transition_request = ""
parameters/DeathTransition/current_index = 0
parameters/MoveSpace/blend_position = 0

[node name="AnimationPlayer" type="AnimationPlayer" parent="."]
root_node = NodePath("../RigPivot/NPCRig")
libraries = {
&"TEMP_EnemyAnimLibrary": ExtResource("2_bhjmh")
}

[node name="TargetDetector" type="ShapeCast3D" parent="."]
shape = SubResource("CylinderShape3D_0vuo0")
target_position = Vector3(0, 0, 1.25)
collision_mask = 4
debug_shape_custom_color = Color(1, 0, 0, 1)

[connection signal="OnDeathTriggered" from="HealthComponent" to="StateMachine" method="OnDeathTriggered"]

[editable path="RigPivot/NPCRig"]
