[gd_scene load_steps=23 format=3 uid="uid://cy5lmq1djweto"]

[ext_resource type="Script" uid="uid://2ctr74rdos6v" path="res://Scripts/Enemies/StateMachine/EnemyStateMachine.cs" id="1_3u8xu"]
[ext_resource type="Script" uid="uid://b0k1rr2yuf22n" path="res://Scripts/Utilities/EnemyEntityAccessor.cs" id="1_eyhau"]
[ext_resource type="AnimationLibrary" uid="uid://beh47qlnu58iu" path="res://Animations/Humanoid/TEMP_EnemyAnimLibrary.res" id="2_bhjmh"]
[ext_resource type="Script" uid="uid://drk33mvuq0amq" path="res://Scripts/Enemies/StateMachine/EnemyMoveState.cs" id="2_fdovl"]
[ext_resource type="PackedScene" uid="uid://bbf6ttwtueode" path="res://Art/_Enemies_TEMP/SM_Prop_SwordOrnate_01.fbx" id="2_vq338"]
[ext_resource type="PackedScene" uid="uid://bvdaqn11tg0jw" path="res://Art/NPCRig.fbx" id="2_w1h0a"]
[ext_resource type="Script" uid="uid://cbt2jpgnl5vyn" path="res://Scripts/Enemies/StateMachine/EnemyAttackState.cs" id="4_dqpjx"]
[ext_resource type="Script" uid="uid://cdbdrba7wsge7" path="res://Scripts/Enemies/StateMachine/EnemyDeathState.cs" id="5_l7lc1"]
[ext_resource type="PackedScene" uid="uid://iifdnv8gbmhw" path="res://GameObjects/HealthComponent.tscn" id="5_r4olu"]
[ext_resource type="Script" uid="uid://dg50c86hmopvc" path="res://Scripts/DamageSystem/Damager.cs" id="11_0ae5k"]
[ext_resource type="Script" uid="uid://jkh1io7oycjm" path="res://Scripts/DamageSystem/TargetDetector.cs" id="11_epsjv"]

[sub_resource type="CapsuleShape3D" id="CapsuleShape3D_pqwom"]
radius = 0.357833

[sub_resource type="CylinderShape3D" id="CylinderShape3D_0vuo0"]
radius = 1.0

[sub_resource type="CapsuleShape3D" id="CapsuleShape3D_ixyjj"]
radius = 0.25

[sub_resource type="AnimationNodeAnimation" id="AnimationNodeAnimation_8pn51"]
animation = &"TEMP_EnemyAnimLibrary/human_attack_sword"

[sub_resource type="AnimationNodeOneShot" id="AnimationNodeOneShot_h32hr"]
fadein_time = 0.1
fadeout_time = 0.1

[sub_resource type="AnimationNodeAnimation" id="AnimationNodeAnimation_5yyp0"]
animation = &"TEMP_EnemyAnimLibrary/human_death"

[sub_resource type="AnimationNodeTransition" id="AnimationNodeTransition_nw3li"]
xfade_time = 0.2
input_0/name = "NotDeath"
input_0/auto_advance = false
input_0/break_loop_at_end = false
input_0/reset = true
input_1/name = "Death"
input_1/auto_advance = false
input_1/break_loop_at_end = false
input_1/reset = true

[sub_resource type="AnimationNodeAnimation" id="AnimationNodeAnimation_eo4mq"]
animation = &"TEMP_EnemyAnimLibrary/human_idle"

[sub_resource type="AnimationNodeAnimation" id="AnimationNodeAnimation_15lv4"]
animation = &"TEMP_EnemyAnimLibrary/human_run"

[sub_resource type="AnimationNodeBlendSpace1D" id="AnimationNodeBlendSpace1D_76jb3"]
blend_point_0/node = SubResource("AnimationNodeAnimation_eo4mq")
blend_point_0/pos = 0.0
blend_point_1/node = SubResource("AnimationNodeAnimation_15lv4")
blend_point_1/pos = 1.0
min_space = 0.0

[sub_resource type="AnimationNodeBlendTree" id="AnimationNodeBlendTree_jv3td"]
graph_offset = Vector2(175.55, 8.61887)
nodes/Attack1/node = SubResource("AnimationNodeAnimation_8pn51")
nodes/Attack1/position = Vector2(280, 320)
nodes/AttackTrigger/node = SubResource("AnimationNodeOneShot_h32hr")
nodes/AttackTrigger/position = Vector2(720, 180)
nodes/Death/node = SubResource("AnimationNodeAnimation_5yyp0")
nodes/Death/position = Vector2(500, 540)
nodes/DeathTransition/node = SubResource("AnimationNodeTransition_nw3li")
nodes/DeathTransition/position = Vector2(980, 300)
nodes/MoveSpace/node = SubResource("AnimationNodeBlendSpace1D_76jb3")
nodes/MoveSpace/position = Vector2(500, 120)
nodes/output/position = Vector2(1240, 320)
node_connections = [&"AttackTrigger", 0, &"MoveSpace", &"AttackTrigger", 1, &"Attack1", &"DeathTransition", 0, &"AttackTrigger", &"DeathTransition", 1, &"Death", &"output", 0, &"DeathTransition"]

[node name="Enemy" type="CharacterBody3D" node_paths=PackedStringArray("StateMachine", "HealthComponent")]
collision_layer = 9
script = ExtResource("1_eyhau")
StateMachine = NodePath("StateMachine")
HealthComponent = NodePath("HealthComponent")

[node name="StateMachine" type="Node" parent="." node_paths=PackedStringArray("initialState")]
script = ExtResource("1_3u8xu")
initialState = NodePath("MoveState")

[node name="MoveState" type="Node" parent="StateMachine"]
script = ExtResource("2_fdovl")

[node name="AttackState" type="Node" parent="StateMachine"]
script = ExtResource("4_dqpjx")

[node name="DeathState" type="Node" parent="StateMachine"]
script = ExtResource("5_l7lc1")

[node name="HealthComponent" parent="." instance=ExtResource("5_r4olu")]
MaxHealth = 7.0
InvulnerabilityTime = 2.0

[node name="CollisionShape3D" type="CollisionShape3D" parent="."]
shape = SubResource("CapsuleShape3D_pqwom")

[node name="RigPivot" type="Node3D" parent="."]
transform = Transform3D(1, 0, 0, 0, 1, 0, 0, 0, 1, 0, -1, 0)

[node name="NPCRig" parent="RigPivot" instance=ExtResource("2_w1h0a")]

[node name="GeneralSkeleton" parent="RigPivot/NPCRig" index="0"]
bones/0/position = Vector3(-0.0487183, -0.0218086, 0.0849047)
bones/0/rotation = Quaternion(-0.0331868, -0.0721722, -0.0233452, 0.996567)
bones/2/rotation = Quaternion(-0.0112429, -0.00494002, 0.0290722, 0.999502)
bones/3/rotation = Quaternion(-0.00585852, -0.00827242, 0.0361912, 0.999294)
bones/4/rotation = Quaternion(-0.0056539, -0.00772067, 0.0363847, 0.999292)
bones/5/rotation = Quaternion(0.0299113, -0.00154313, -0.0222589, 0.999304)
bones/6/rotation = Quaternion(0.0299108, -0.0015432, -0.0222589, 0.999304)
bones/9/rotation = Quaternion(-0.000439516, 0.0593867, -0.0484594, 0.997058)
bones/10/rotation = Quaternion(0.616345, 0.0388124, 0.768268, -0.168453)
bones/11/rotation = Quaternion(0.094664, 0.690796, -0.154602, 0.699956)
bones/12/rotation = Quaternion(0.179124, 0.700343, 0.0955492, 0.684328)
bones/13/rotation = Quaternion(0.362052, 0.521091, -0.460872, -0.620467)
bones/14/rotation = Quaternion(-0.0733182, 0.186071, 0.0405881, 0.978956)
bones/16/rotation = Quaternion(0.0654328, -0.00433365, -0.217917, 0.973762)
bones/17/rotation = Quaternion(-0.336185, -0.621662, 0.407263, 0.578492)
bones/18/rotation = Quaternion(-0.00685528, 0.00554012, -0.142162, 0.989804)
bones/20/rotation = Quaternion(-0.10052, 0.680664, 0.167109, 0.706164)
bones/21/rotation = Quaternion(0.42953, 0.833552, 0.306887, -0.162835)
bones/22/rotation = Quaternion(-0.0179231, 0.00640528, -0.195053, 0.980608)
bones/25/rotation = Quaternion(0.00421909, -0.0107258, 0.0853239, 0.996287)
bones/26/rotation = Quaternion(0.631637, -0.12357, -0.713537, -0.276823)
bones/27/rotation = Quaternion(0.0464913, -0.699772, 0.107167, 0.704751)
bones/28/rotation = Quaternion(0.113757, -0.655342, -0.0977191, 0.740295)
bones/29/rotation = Quaternion(-0.577539, 0.441049, 0.574189, -0.377135)
bones/30/rotation = Quaternion(0.0518055, 0.177914, 0.0596328, 0.98087)
bones/32/rotation = Quaternion(0.0848859, 0.00557802, 0.225476, 0.970528)
bones/33/rotation = Quaternion(-0.523946, 0.474063, 0.57965, -0.405895)
bones/34/rotation = Quaternion(-0.00689425, 0.00377584, -0.0943069, 0.995512)
bones/36/rotation = Quaternion(-0.101498, -0.681342, -0.165979, 0.705636)
bones/37/rotation = Quaternion(0.177374, 0.298286, -0.811347, 0.470403)
bones/38/rotation = Quaternion(-0.0181625, -0.0029784, 0.0878339, 0.995965)
bones/43/rotation = Quaternion(-0.0869749, 0.00619426, 0.99513, -0.045973)
bones/44/rotation = Quaternion(-0.00636508, 0.980747, -0.191619, -0.0371155)
bones/45/rotation = Quaternion(-0.0234845, 0.589134, -0.807306, 0.0250283)
bones/46/rotation = Quaternion(0.00164249, -4.62024e-08, -1.93716e-07, 0.999999)
bones/48/rotation = Quaternion(0.139421, 0.145111, 0.97482, -0.0960735)
bones/49/rotation = Quaternion(-0.0277838, 0.990082, -0.136972, -0.0143156)
bones/50/rotation = Quaternion(-0.0479079, 0.728458, -0.681142, 0.0556682)
bones/51/rotation = Quaternion(-0.0200029, -3.66761e-08, -1.04511e-07, 0.9998)
bones/55/rotation = Quaternion(0.227152, 0.131925, -0.615502, 0.743071)

[node name="Item_WarriorSholderArmor" parent="RigPivot/NPCRig/GeneralSkeleton" index="0"]
transform = Transform3D(0.35869, 0.902626, -0.237923, -0.933435, 0.345076, -0.0980959, -0.00644263, 0.257271, 0.966318, 0.22761, 1.3462, -0.0525688)
visible = false
bone_idx = 24

[node name="Item_WarriorSholderArmor1" parent="RigPivot/NPCRig/GeneralSkeleton" index="1"]
transform = Transform3D(0.72171, 0.315594, 0.616065, 0.350279, -0.934159, 0.0681995, 0.597026, 0.166574, -0.784737, 0.402999, 0.0701575, 0.198845)
visible = false
bone_idx = 40

[node name="Item_Sword" parent="RigPivot/NPCRig/GeneralSkeleton" index="2"]
transform = Transform3D(0.972557, -0.141613, -0.184608, 0.163967, 0.980088, 0.111986, 0.165073, -0.139182, 0.976411, 0.0269715, 1.24711, -0.163382)
visible = false
bone_idx = 41

[node name="Item_SwordHolder" parent="RigPivot/NPCRig/GeneralSkeleton" index="3"]
transform = Transform3D(0.972557, -0.141613, -0.184608, 0.163967, 0.980088, 0.111986, 0.165073, -0.139182, 0.976411, 0.176796, -0.000148058, 0.171828)
visible = false
bone_idx = 42

[node name="Item_WaterCanteen" parent="RigPivot/NPCRig/GeneralSkeleton" index="4"]
transform = Transform3D(0.988492, 0.0513205, -0.142299, -0.0417398, 0.996707, 0.0695155, 0.145398, -0.062776, 0.98738, -0.200623, 0.909802, 0.00166876)
visible = false
bone_idx = 53

[node name="Item_WaterBladder_01" parent="RigPivot/NPCRig/GeneralSkeleton" index="5"]
transform = Transform3D(0.988492, 0.0513205, -0.142299, -0.0417398, 0.996707, 0.0695155, 0.145398, -0.062776, 0.98738, 0.194033, 0.742708, 0.0486858)
visible = false
bone_idx = 54

[node name="SM_Prop_SpellBook_03" parent="RigPivot/NPCRig/GeneralSkeleton" index="6"]
transform = Transform3D(0.22894, 0.945653, -0.230925, -0.893704, 0.110156, -0.434925, -0.38585, 0.30595, 0.870353, 0.216737, 0.946327, 0.0331561)
visible = false
bone_idx = 55

[node name="Item_Pouch" parent="RigPivot/NPCRig/GeneralSkeleton" index="7"]
transform = Transform3D(1.04768, 0.046891, -0.153318, -0.0442391, 1.05874, 0.0215022, 0.154104, -0.0148553, 1.04851, -0.0678623, -0.089652, 0.0365091)
visible = false
bone_idx = 56

[node name="SM_Prop_Vials" parent="RigPivot/NPCRig/GeneralSkeleton" index="8"]
transform = Transform3D(-0.196316, 0.0513205, -0.979197, 0.0717008, 0.996707, 0.0378632, 0.977916, -0.062776, -0.199349, -0.192807, 0.913347, 0.0071227)
visible = false
bone_idx = 57

[node name="Item_SwordSheath" parent="RigPivot/NPCRig/GeneralSkeleton" index="9"]
transform = Transform3D(0.396433, -0.264119, 0.879251, 0.481768, 0.875109, 0.0456576, -0.781499, 0.405495, 0.474165, 0.24165, 0.724229, 0.00824488)
visible = false
bone_idx = 58

[node name="Item_Dagger" parent="RigPivot/NPCRig/GeneralSkeleton" index="10"]
transform = Transform3D(0.988492, 0.0513205, -0.142299, -0.0417398, 0.996707, 0.0695155, 0.145398, -0.062776, 0.98738, 0.205338, 0.850832, 0.0650637)
visible = false
bone_idx = 59

[node name="Item_CoinBag" parent="RigPivot/NPCRig/GeneralSkeleton" index="11"]
transform = Transform3D(0.988492, 0.0513205, -0.142299, -0.0417398, 0.996707, 0.0695155, 0.145398, -0.062776, 0.98738, -0.210335, 0.864655, 0.00864042)
visible = false
bone_idx = 60

[node name="Character_Female_Witch" parent="RigPivot/NPCRig/GeneralSkeleton" index="12"]
visible = false

[node name="Character_Female_Queen" parent="RigPivot/NPCRig/GeneralSkeleton" index="13"]
visible = false

[node name="Character_Female_Druid" parent="RigPivot/NPCRig/GeneralSkeleton" index="14"]
visible = false

[node name="Character_Female_Gypsy" parent="RigPivot/NPCRig/GeneralSkeleton" index="15"]
visible = false

[node name="Character_Female_Peasant_01" parent="RigPivot/NPCRig/GeneralSkeleton" index="16"]
visible = false

[node name="Character_Female_Peasant_02" parent="RigPivot/NPCRig/GeneralSkeleton" index="17"]
visible = false

[node name="Character_Male_Baird" parent="RigPivot/NPCRig/GeneralSkeleton" index="18"]
visible = false

[node name="Character_Male_Sorcerer" parent="RigPivot/NPCRig/GeneralSkeleton" index="19"]
visible = false

[node name="Character_Male_King" parent="RigPivot/NPCRig/GeneralSkeleton" index="20"]
visible = false

[node name="Character_Male_Rouge_01" parent="RigPivot/NPCRig/GeneralSkeleton" index="22"]
visible = false

[node name="Character_Male_Wizard" parent="RigPivot/NPCRig/GeneralSkeleton" index="23"]
visible = false

[node name="AnimationPlayer" parent="RigPivot/NPCRig" index="1"]
libraries = {
&"TEMP_EnemyAnimLibrary": ExtResource("2_bhjmh")
}

[node name="RightHandAttachment" type="BoneAttachment3D" parent="RigPivot"]
transform = Transform3D(-0.115653, -0.157727, 0.980687, 0.403964, -0.909442, -0.098629, 0.907434, 0.384755, 0.168896, -0.281556, 0.710463, -0.101906)
bone_name = "RightHand"
bone_idx = 28
use_external_skeleton = true
external_skeleton = NodePath("../NPCRig/GeneralSkeleton")

[node name="WeaponSlot" type="Node3D" parent="RigPivot/RightHandAttachment"]
transform = Transform3D(0.998604, -0.0369963, -0.0377162, 0.0394601, 0.996984, 0.0668198, 0.0351305, -0.0682148, 0.997052, -0.00729713, 0.0490943, 0.0338885)

[node name="SM_Prop_SwordOrnate_01" parent="RigPivot/RightHandAttachment/WeaponSlot" instance=ExtResource("2_vq338")]
transform = Transform3D(0.523173, 0.85195, 0.0217142, -0.736141, 0.438924, 0.515211, 0.429403, -0.285529, 0.856789, -0.00156301, 0.00976056, -0.00743541)

[node name="TargetDetector" type="ShapeCast3D" parent="RigPivot"]
transform = Transform3D(1, 0, 0, 0, 1, 0, 0, 0, 1, 0, 1, 0)
shape = SubResource("CylinderShape3D_0vuo0")
target_position = Vector3(0, 0, 1.25)
collision_mask = 4
debug_shape_custom_color = Color(1, 0, 0, 1)

[node name="MeleeAttack" type="BoneAttachment3D" parent="."]
transform = Transform3D(-0.115653, -0.157727, 0.980687, 0.403964, -0.909442, -0.098629, 0.907434, 0.384755, 0.168896, -0.281556, -0.289537, -0.101906)
bone_name = "RightHand"
bone_idx = 28
use_external_skeleton = true
external_skeleton = NodePath("../RigPivot/NPCRig/GeneralSkeleton")

[node name="MeleeAttackCollider" type="ShapeCast3D" parent="MeleeAttack" node_paths=PackedStringArray("selfCollider")]
unique_name_in_owner = true
transform = Transform3D(0.533482, 0.845291, -0.0296918, -0.684584, 0.452139, 0.571765, 0.496732, -0.284699, 0.819881, -0.00893862, 0.058267, 0.0257543)
shape = SubResource("CapsuleShape3D_ixyjj")
target_position = Vector3(0, 1, 0)
margin = 0.5
collision_mask = 4
debug_shape_custom_color = Color(0.882353, 0, 0, 1)
script = ExtResource("11_0ae5k")
damage = 2.0
selfCollider = NodePath("../..")

[node name="AnimationTree" type="AnimationTree" parent="."]
root_node = NodePath("../RigPivot/NPCRig")
tree_root = SubResource("AnimationNodeBlendTree_jv3td")
anim_player = NodePath("../AnimationPlayer")
parameters/AttackTrigger/active = false
parameters/AttackTrigger/internal_active = false
parameters/AttackTrigger/request = 0
parameters/DeathTransition/current_state = "NotDeath"
parameters/DeathTransition/transition_request = ""
parameters/DeathTransition/current_index = 0
parameters/MoveSpace/blend_position = 0

[node name="AnimationPlayer" type="AnimationPlayer" parent="."]
root_node = NodePath("../RigPivot/NPCRig")
libraries = {
&"TEMP_EnemyAnimLibrary": ExtResource("2_bhjmh")
}

[node name="Node" type="Node" parent="."]
script = ExtResource("11_epsjv")

[connection signal="OnDeathTriggered" from="HealthComponent" to="StateMachine" method="OnDeathTriggered"]

[editable path="RigPivot/NPCRig"]
