[gd_scene load_steps=26 format=3 uid="uid://cy5lmq1djweto"]

[ext_resource type="Script" uid="uid://2ctr74rdos6v" path="res://Scripts/Enemies/StateMachine/EnemyStateMachine.cs" id="1_3u8xu"]
[ext_resource type="Script" uid="uid://b0k1rr2yuf22n" path="res://Scripts/Utilities/EnemyEntityAccessor.cs" id="1_eyhau"]
[ext_resource type="AnimationLibrary" uid="uid://beh47qlnu58iu" path="res://Animations/Humanoid/TEMP_EnemyAnimLibrary.res" id="2_bhjmh"]
[ext_resource type="PackedScene" uid="uid://bbf6ttwtueode" path="res://Art/_Enemies_TEMP/SM_Prop_SwordOrnate_01.fbx" id="2_vq338"]
[ext_resource type="PackedScene" uid="uid://bvdaqn11tg0jw" path="res://Art/NPCRig.fbx" id="2_w1h0a"]
[ext_resource type="Script" uid="uid://ct0h6lq4lcxnx" path="res://Scripts/Enemies/StateMachine/EnemyIdleState.cs" id="3_epsjv"]
[ext_resource type="Script" uid="uid://cbt2jpgnl5vyn" path="res://Scripts/Enemies/StateMachine/EnemyAttackState.cs" id="4_dqpjx"]
[ext_resource type="Script" uid="uid://cr0yy0j57hduw" path="res://Scripts/Enemies/StateMachine/EnemyChaseState.cs" id="4_is1iy"]
[ext_resource type="Script" uid="uid://cdbdrba7wsge7" path="res://Scripts/Enemies/StateMachine/EnemyDeathState.cs" id="5_l7lc1"]
[ext_resource type="PackedScene" uid="uid://iifdnv8gbmhw" path="res://GameObjects/HealthComponent.tscn" id="5_r4olu"]
[ext_resource type="Script" uid="uid://ci6f0cxl5j6n3" path="res://Scripts/Enemies/StateMachine/EnemyPatrolState.cs" id="7_is1iy"]
[ext_resource type="Script" uid="uid://bk0sli8sgv4ix" path="res://Scripts/Enemies/StateMachine/EnemyWanderState.cs" id="8_h2jgk"]
[ext_resource type="Script" uid="uid://dg50c86hmopvc" path="res://Scripts/DamageSystem/Damager.cs" id="11_0ae5k"]

[sub_resource type="CapsuleShape3D" id="CapsuleShape3D_pqwom"]
radius = 0.357833

[sub_resource type="SphereShape3D" id="SphereShape3D_0ae5k"]
radius = 1.5

[sub_resource type="SphereShape3D" id="SphereShape3D_epsjv"]
radius = 5.0

[sub_resource type="CapsuleShape3D" id="CapsuleShape3D_ixyjj"]
radius = 0.25

[sub_resource type="AnimationNodeAnimation" id="AnimationNodeAnimation_8pn51"]
animation = &"TEMP_EnemyAnimLibrary/human_attack_sword"

[sub_resource type="AnimationNodeOneShot" id="AnimationNodeOneShot_h32hr"]
fadein_time = 0.1
fadeout_time = 0.1

[sub_resource type="AnimationNodeAnimation" id="AnimationNodeAnimation_5yyp0"]
animation = &"TEMP_EnemyAnimLibrary/human_death"

[sub_resource type="AnimationNodeTransition" id="AnimationNodeTransition_nw3li"]
xfade_time = 0.2
input_0/name = "NotDeath"
input_0/auto_advance = false
input_0/break_loop_at_end = false
input_0/reset = true
input_1/name = "Death"
input_1/auto_advance = false
input_1/break_loop_at_end = false
input_1/reset = true

[sub_resource type="AnimationNodeAnimation" id="AnimationNodeAnimation_eo4mq"]
animation = &"TEMP_EnemyAnimLibrary/human_idle"

[sub_resource type="AnimationNodeAnimation" id="AnimationNodeAnimation_15lv4"]
animation = &"TEMP_EnemyAnimLibrary/human_run"

[sub_resource type="AnimationNodeBlendSpace1D" id="AnimationNodeBlendSpace1D_76jb3"]
blend_point_0/node = SubResource("AnimationNodeAnimation_eo4mq")
blend_point_0/pos = 0.0
blend_point_1/node = SubResource("AnimationNodeAnimation_15lv4")
blend_point_1/pos = 1.0
min_space = 0.0

[sub_resource type="AnimationNodeBlendTree" id="AnimationNodeBlendTree_jv3td"]
graph_offset = Vector2(178.124, 49.2645)
nodes/Attack1/node = SubResource("AnimationNodeAnimation_8pn51")
nodes/Attack1/position = Vector2(280, 320)
nodes/AttackTrigger/node = SubResource("AnimationNodeOneShot_h32hr")
nodes/AttackTrigger/position = Vector2(720, 180)
nodes/Death/node = SubResource("AnimationNodeAnimation_5yyp0")
nodes/Death/position = Vector2(500, 540)
nodes/DeathTransition/node = SubResource("AnimationNodeTransition_nw3li")
nodes/DeathTransition/position = Vector2(980, 300)
nodes/MoveSpace/node = SubResource("AnimationNodeBlendSpace1D_76jb3")
nodes/MoveSpace/position = Vector2(500, 120)
nodes/output/position = Vector2(1240, 320)
node_connections = [&"AttackTrigger", 0, &"MoveSpace", &"AttackTrigger", 1, &"Attack1", &"DeathTransition", 0, &"AttackTrigger", &"DeathTransition", 1, &"Death", &"output", 0, &"DeathTransition"]

[node name="Enemy" type="CharacterBody3D" node_paths=PackedStringArray("StateMachine", "HealthComponent")]
collision_layer = 8
script = ExtResource("1_eyhau")
StateMachine = NodePath("StateMachine")
HealthComponent = NodePath("HealthComponent")

[node name="StateMachine" type="Node" parent="." node_paths=PackedStringArray("initialState")]
script = ExtResource("1_3u8xu")
BaseMoveSpeed = 1.5
ChaseMoveSpeed = 2.0
initialState = NodePath("IdleState")

[node name="IdleState" type="Node" parent="StateMachine"]
script = ExtResource("3_epsjv")

[node name="ChaseState" type="Node" parent="StateMachine"]
script = ExtResource("4_is1iy")

[node name="AttackState" type="Node" parent="StateMachine"]
script = ExtResource("4_dqpjx")

[node name="DeathState" type="Node" parent="StateMachine"]
script = ExtResource("5_l7lc1")

[node name="PatrolState" type="Node" parent="StateMachine"]
script = ExtResource("7_is1iy")

[node name="WanderState" type="Node" parent="StateMachine"]
script = ExtResource("8_h2jgk")

[node name="HealthComponent" parent="." instance=ExtResource("5_r4olu")]
MaxHealth = 7.0
InvulnerabilityTime = 2.0

[node name="NavigationAgent3D" type="NavigationAgent3D" parent="."]
simplify_path = true
avoidance_enabled = true
height = 2.0
max_speed = 5.0
debug_enabled = true

[node name="CollisionShape3D" type="CollisionShape3D" parent="."]
shape = SubResource("CapsuleShape3D_pqwom")

[node name="RigPivot" type="Node3D" parent="."]
transform = Transform3D(1, 0, 0, 0, 1, 0, 0, 0, 1, 0, -1, 0)

[node name="Rig" parent="RigPivot" instance=ExtResource("2_w1h0a")]

[node name="GeneralSkeleton" parent="RigPivot/Rig" index="0"]
bones/0/position = Vector3(-0.0672265, -0.0210294, 0.0782513)
bones/0/rotation = Quaternion(-0.0334788, -0.0682899, -0.0366101, 0.996431)
bones/2/rotation = Quaternion(-0.00446622, -0.0106347, 0.0390847, 0.999169)
bones/3/rotation = Quaternion(0.0188764, -0.0153654, 0.0514836, 0.998377)
bones/4/rotation = Quaternion(0.0193161, -0.0134694, 0.0518666, 0.998376)
bones/5/rotation = Quaternion(0.0522368, 0.00583943, -0.0292447, 0.998189)
bones/6/rotation = Quaternion(0.0522356, 0.00583943, -0.0292446, 0.998189)
bones/9/rotation = Quaternion(0.00513909, 0.00681143, -0.0955836, 0.995385)
bones/10/rotation = Quaternion(0.584904, 0.0738431, 0.796551, -0.133947)
bones/11/rotation = Quaternion(0.0215785, 0.703121, -0.0825276, 0.705936)
bones/12/rotation = Quaternion(0.221127, 0.698039, 0.186902, 0.654914)
bones/13/rotation = Quaternion(0.362052, 0.521091, -0.460872, -0.620467)
bones/14/rotation = Quaternion(-0.0733182, 0.186071, 0.0405881, 0.978956)
bones/16/rotation = Quaternion(0.0654328, -0.00433365, -0.217917, 0.973762)
bones/17/rotation = Quaternion(-0.336185, -0.621662, 0.407263, 0.578492)
bones/18/rotation = Quaternion(-0.00685528, 0.00554012, -0.142162, 0.989804)
bones/20/rotation = Quaternion(-0.10052, 0.680664, 0.167109, 0.706164)
bones/21/rotation = Quaternion(0.42953, 0.833552, 0.306887, -0.162835)
bones/22/rotation = Quaternion(-0.0179231, 0.00640528, -0.195053, 0.980608)
bones/25/rotation = Quaternion(0.0114293, 0.0643333, 0.117389, 0.990934)
bones/26/rotation = Quaternion(0.613528, -0.167062, -0.717192, -0.285147)
bones/27/rotation = Quaternion(0.0068595, -0.704688, 0.067931, 0.706224)
bones/28/rotation = Quaternion(0.145167, -0.645944, -0.124524, 0.739038)
bones/29/rotation = Quaternion(-0.569886, 0.463567, 0.570989, -0.366479)
bones/30/rotation = Quaternion(-0.0109867, 0.218387, 0.0110935, 0.975738)
bones/32/rotation = Quaternion(0.0756608, 0.00524363, 0.219401, 0.972682)
bones/33/rotation = Quaternion(-0.552, 0.441696, 0.601457, -0.372088)
bones/34/rotation = Quaternion(-0.00689503, 0.00372921, -0.093144, 0.995622)
bones/36/rotation = Quaternion(-0.109354, -0.685839, -0.158806, 0.701746)
bones/37/rotation = Quaternion(0.158856, 0.30943, -0.83944, 0.417562)
bones/38/rotation = Quaternion(-0.0180715, 0.00417715, -0.123235, 0.992204)
bones/43/rotation = Quaternion(-0.0762052, 0.00566495, 0.995095, -0.0628193)
bones/44/rotation = Quaternion(0.00118793, 0.981341, -0.184694, -0.0534532)
bones/45/rotation = Quaternion(-0.0194686, 0.594947, -0.803258, 0.0208876)
bones/46/rotation = Quaternion(0.00124748, -7.65277e-08, -2.24042e-07, 0.999999)
bones/48/rotation = Quaternion(0.144186, 0.16048, 0.970465, -0.107954)
bones/49/rotation = Quaternion(-0.0247462, 0.987493, -0.153565, -0.0257507)
bones/50/rotation = Quaternion(-0.0443878, 0.727848, -0.682344, 0.051709)
bones/51/rotation = Quaternion(-0.0202811, 8.21676e-09, -1.03063e-07, 0.999794)
bones/55/rotation = Quaternion(0.227152, 0.131925, -0.615502, 0.743071)

[node name="Item_WarriorSholderArmor" parent="RigPivot/Rig/GeneralSkeleton" index="0"]
transform = Transform3D(0.330282, 0.829808, -0.449814, -0.943773, 0.297597, -0.143977, 0.0143898, 0.472075, 0.881441, 0.227819, 1.34953, -0.0126079)
visible = false
bone_idx = 24

[node name="Item_WarriorSholderArmor1" parent="RigPivot/Rig/GeneralSkeleton" index="1"]
transform = Transform3D(0.750735, 0.446463, 0.486896, 0.40885, -0.892944, 0.188394, 0.518882, 0.0576335, -0.852901, 0.579063, 0.127281, 0.0496903)
visible = false
bone_idx = 40

[node name="Item_Sword" parent="RigPivot/Rig/GeneralSkeleton" index="2"]
transform = Transform3D(0.955603, -0.214074, -0.202472, 0.218417, 0.975855, -0.000915201, 0.19778, -0.0433487, 0.979288, 0.0347832, 1.26304, -0.162088)
visible = false
bone_idx = 41

[node name="Item_SwordHolder" parent="RigPivot/Rig/GeneralSkeleton" index="3"]
transform = Transform3D(0.955603, -0.214074, -0.202472, 0.218417, 0.975855, -0.000915201, 0.19778, -0.0433487, 0.979288, 0.275304, 0.00299025, 0.0498159)
visible = false
bone_idx = 42

[node name="Item_WaterCanteen" parent="RigPivot/Rig/GeneralSkeleton" index="4"]
transform = Transform3D(0.987992, 0.0775315, -0.133641, -0.0683865, 0.995078, 0.0717188, 0.138544, -0.0617184, 0.988431, -0.194723, 0.914442, -0.00262219)
visible = false
bone_idx = 53

[node name="Item_WaterBladder_01" parent="RigPivot/Rig/GeneralSkeleton" index="5"]
transform = Transform3D(0.987992, 0.0775315, -0.133641, -0.0683865, 0.995078, 0.0717188, 0.138544, -0.0617184, 0.988431, 0.195633, 0.73678, 0.0414459)
visible = false
bone_idx = 54

[node name="SM_Prop_SpellBook_03" parent="RigPivot/Rig/GeneralSkeleton" index="6"]
transform = Transform3D(0.202313, 0.950329, -0.236525, -0.898888, 0.0843443, -0.429984, -0.388677, 0.2996, 0.871304, 0.22367, 0.939744, 0.0260483)
visible = false
bone_idx = 55

[node name="Item_Pouch" parent="RigPivot/Rig/GeneralSkeleton" index="7"]
transform = Transform3D(1.04715, 0.0750902, -0.145523, -0.0724813, 1.05713, 0.0239198, 0.146839, -0.0136808, 1.04957, -0.0885084, -0.0882593, 0.0298925)
visible = false
bone_idx = 56

[node name="SM_Prop_Vials" parent="RigPivot/Rig/GeneralSkeleton" index="8"]
transform = Transform3D(-0.187644, 0.0775315, -0.979172, 0.0753627, 0.995078, 0.0643488, 0.979342, -0.0617184, -0.192563, -0.186779, 0.917767, 0.00278293)
visible = false
bone_idx = 57

[node name="Item_SwordSheath" parent="RigPivot/Rig/GeneralSkeleton" index="9"]
transform = Transform3D(0.403829, -0.237842, 0.883376, 0.472243, 0.881209, 0.0213755, -0.783523, 0.408536, 0.468177, 0.242463, 0.717099, 0.000652645)
visible = false
bone_idx = 58

[node name="Item_Dagger" parent="RigPivot/Rig/GeneralSkeleton" index="10"]
transform = Transform3D(0.987992, 0.0775315, -0.133641, -0.0683865, 0.995078, 0.0717188, 0.138544, -0.0617184, 0.988431, 0.209938, 0.844537, 0.0578985)
visible = false
bone_idx = 59

[node name="Item_CoinBag" parent="RigPivot/Rig/GeneralSkeleton" index="11"]
transform = Transform3D(0.987992, 0.0775315, -0.133641, -0.0683865, 0.995078, 0.0717188, 0.138544, -0.0617184, 0.988431, -0.205592, 0.869559, 0.00435223)
visible = false
bone_idx = 60

[node name="Character_Female_Witch" parent="RigPivot/Rig/GeneralSkeleton" index="12"]
visible = false

[node name="Character_Female_Queen" parent="RigPivot/Rig/GeneralSkeleton" index="13"]
visible = false

[node name="Character_Female_Druid" parent="RigPivot/Rig/GeneralSkeleton" index="14"]
visible = false

[node name="Character_Female_Gypsy" parent="RigPivot/Rig/GeneralSkeleton" index="15"]
visible = false

[node name="Character_Female_Peasant_01" parent="RigPivot/Rig/GeneralSkeleton" index="16"]
visible = false

[node name="Character_Female_Peasant_02" parent="RigPivot/Rig/GeneralSkeleton" index="17"]
visible = false

[node name="Character_Male_Baird" parent="RigPivot/Rig/GeneralSkeleton" index="18"]
visible = false

[node name="Character_Male_Sorcerer" parent="RigPivot/Rig/GeneralSkeleton" index="19"]
visible = false

[node name="Character_Male_King" parent="RigPivot/Rig/GeneralSkeleton" index="20"]
visible = false

[node name="Character_Male_Rouge_01" parent="RigPivot/Rig/GeneralSkeleton" index="22"]
visible = false

[node name="Character_Male_Wizard" parent="RigPivot/Rig/GeneralSkeleton" index="23"]
visible = false

[node name="AnimationPlayer" parent="RigPivot/Rig" index="1"]
libraries = {
&"TEMP_EnemyAnimLibrary": ExtResource("2_bhjmh")
}

[node name="RightHandAttachment" type="BoneAttachment3D" parent="RigPivot"]
transform = Transform3D(0.00365892, -0.0544213, 0.998511, 0.363426, -0.930169, -0.0520283, 0.931616, 0.363075, 0.0163747, -0.261854, 0.687596, -0.10836)
bone_name = "RightHand"
bone_idx = 28
use_external_skeleton = true
external_skeleton = NodePath("../Rig/GeneralSkeleton")

[node name="WeaponSlot" type="Node3D" parent="RigPivot/RightHandAttachment"]
transform = Transform3D(0.998604, -0.0369963, -0.0377162, 0.0394601, 0.996984, 0.0668198, 0.0351305, -0.0682148, 0.997052, -0.00729713, 0.0490943, 0.0338885)

[node name="SM_Prop_SwordOrnate_01" parent="RigPivot/RightHandAttachment/WeaponSlot" instance=ExtResource("2_vq338")]
transform = Transform3D(0.523173, 0.85195, 0.0217142, -0.736141, 0.438924, 0.515211, 0.429403, -0.285529, 0.856789, -0.00156301, 0.00976056, -0.00743541)

[node name="AttackRange" type="ShapeCast3D" parent="RigPivot"]
shape = SubResource("SphereShape3D_0ae5k")
target_position = Vector3(0, 0, 0)
collision_mask = 4
debug_shape_custom_color = Color(1, 0, 0, 1)

[node name="ChaseRange" type="ShapeCast3D" parent="RigPivot"]
shape = SubResource("SphereShape3D_epsjv")
collision_mask = 4

[node name="MeleeAttack" type="BoneAttachment3D" parent="."]
transform = Transform3D(0.00365892, -0.0544213, 0.998511, 0.363426, -0.930169, -0.0520283, 0.931616, 0.363075, 0.0163747, -0.261854, -0.312404, -0.10836)
bone_name = "RightHand"
bone_idx = 28
use_external_skeleton = true
external_skeleton = NodePath("../RigPivot/Rig/GeneralSkeleton")

[node name="MeleeAttackCollider" type="ShapeCast3D" parent="MeleeAttack" node_paths=PackedStringArray("selfCollider")]
unique_name_in_owner = true
transform = Transform3D(0.533482, 0.845291, -0.0296918, -0.684584, 0.452139, 0.571765, 0.496732, -0.284699, 0.819881, -0.00893862, 0.058267, 0.0257543)
shape = SubResource("CapsuleShape3D_ixyjj")
target_position = Vector3(0, 1, 0)
margin = 0.5
collision_mask = 4
debug_shape_custom_color = Color(0.882353, 0, 0, 1)
script = ExtResource("11_0ae5k")
damage = 2.0
selfCollider = NodePath("../..")

[node name="AnimationTree" type="AnimationTree" parent="."]
root_node = NodePath("../RigPivot/Rig")
tree_root = SubResource("AnimationNodeBlendTree_jv3td")
anim_player = NodePath("../AnimationPlayer")
parameters/AttackTrigger/active = false
parameters/AttackTrigger/internal_active = false
parameters/AttackTrigger/request = 0
parameters/DeathTransition/current_state = "NotDeath"
parameters/DeathTransition/transition_request = ""
parameters/DeathTransition/current_index = 0
parameters/MoveSpace/blend_position = 0.0

[node name="AnimationPlayer" type="AnimationPlayer" parent="."]
root_node = NodePath("../RigPivot/Rig")
libraries = {
&"TEMP_EnemyAnimLibrary": ExtResource("2_bhjmh")
}

[connection signal="OnDeathTriggered" from="HealthComponent" to="StateMachine" method="OnDeathTriggered"]
[connection signal="velocity_computed" from="NavigationAgent3D" to="StateMachine" method="OnNavAgentVelocityComputed"]

[editable path="RigPivot/Rig"]
