[gd_scene load_steps=28 format=3 uid="uid://cy5lmq1djweto"]

[ext_resource type="Script" uid="uid://2ctr74rdos6v" path="res://Scripts/Enemies/StateMachine/EnemyStateMachine.cs" id="1_3u8xu"]
[ext_resource type="Script" uid="uid://b0k1rr2yuf22n" path="res://Scripts/Utilities/EnemyEntityAccessor.cs" id="1_eyhau"]
[ext_resource type="AnimationLibrary" uid="uid://beh47qlnu58iu" path="res://Animations/Humanoid/TEMP_EnemyAnimLibrary.res" id="2_bhjmh"]
[ext_resource type="PackedScene" uid="uid://bm4xy5gup2qvo" path="res://GameObjects/CombatAbility.tscn" id="2_uivum"]
[ext_resource type="PackedScene" uid="uid://bbf6ttwtueode" path="res://Art/_Enemies_TEMP/SM_Prop_SwordOrnate_01.fbx" id="2_vq338"]
[ext_resource type="PackedScene" uid="uid://bvdaqn11tg0jw" path="res://Art/NPCRig.fbx" id="2_w1h0a"]
[ext_resource type="Script" uid="uid://ct0h6lq4lcxnx" path="res://Scripts/Enemies/StateMachine/EnemyIdleState.cs" id="3_epsjv"]
[ext_resource type="Script" uid="uid://cbt2jpgnl5vyn" path="res://Scripts/Enemies/StateMachine/EnemyAttackState.cs" id="4_dqpjx"]
[ext_resource type="Script" uid="uid://cr0yy0j57hduw" path="res://Scripts/Enemies/StateMachine/EnemyChaseState.cs" id="4_is1iy"]
[ext_resource type="Script" uid="uid://cdbdrba7wsge7" path="res://Scripts/Enemies/StateMachine/EnemyDeathState.cs" id="5_l7lc1"]
[ext_resource type="PackedScene" uid="uid://iifdnv8gbmhw" path="res://GameObjects/HealthComponent.tscn" id="5_r4olu"]
[ext_resource type="Script" uid="uid://ci6f0cxl5j6n3" path="res://Scripts/Enemies/StateMachine/EnemyPatrolState.cs" id="7_is1iy"]
[ext_resource type="Script" uid="uid://bk0sli8sgv4ix" path="res://Scripts/Enemies/StateMachine/EnemyWanderState.cs" id="8_h2jgk"]
[ext_resource type="Script" uid="uid://bvh1270fg0moq" path="res://Scripts/Enemies/StateMachine/EnemySuspicionState.cs" id="9_h2jgk"]
[ext_resource type="Script" uid="uid://dg50c86hmopvc" path="res://Scripts/DamageSystem/Damager.cs" id="11_0ae5k"]

[sub_resource type="CapsuleShape3D" id="CapsuleShape3D_pqwom"]
radius = 0.357833

[sub_resource type="SphereShape3D" id="SphereShape3D_0ae5k"]
radius = 1.5

[sub_resource type="SphereShape3D" id="SphereShape3D_epsjv"]
radius = 5.0

[sub_resource type="CapsuleShape3D" id="CapsuleShape3D_ixyjj"]

[sub_resource type="AnimationNodeAnimation" id="AnimationNodeAnimation_8pn51"]
animation = &"TEMP_EnemyAnimLibrary/human_attack_sword"

[sub_resource type="AnimationNodeOneShot" id="AnimationNodeOneShot_h32hr"]
fadein_time = 0.1
fadeout_time = 0.1

[sub_resource type="AnimationNodeAnimation" id="AnimationNodeAnimation_5yyp0"]
animation = &"TEMP_EnemyAnimLibrary/human_death"

[sub_resource type="AnimationNodeTransition" id="AnimationNodeTransition_nw3li"]
xfade_time = 0.2
input_0/name = "NotDeath"
input_0/auto_advance = false
input_0/break_loop_at_end = false
input_0/reset = true
input_1/name = "Death"
input_1/auto_advance = false
input_1/break_loop_at_end = false
input_1/reset = true

[sub_resource type="AnimationNodeAnimation" id="AnimationNodeAnimation_eo4mq"]
animation = &"TEMP_EnemyAnimLibrary/human_idle"

[sub_resource type="AnimationNodeAnimation" id="AnimationNodeAnimation_15lv4"]
animation = &"TEMP_EnemyAnimLibrary/human_run"

[sub_resource type="AnimationNodeBlendSpace1D" id="AnimationNodeBlendSpace1D_76jb3"]
blend_point_0/node = SubResource("AnimationNodeAnimation_eo4mq")
blend_point_0/pos = 0.0
blend_point_1/node = SubResource("AnimationNodeAnimation_15lv4")
blend_point_1/pos = 1.0
min_space = 0.0

[sub_resource type="AnimationNodeBlendTree" id="AnimationNodeBlendTree_jv3td"]
nodes/Attack1/node = SubResource("AnimationNodeAnimation_8pn51")
nodes/Attack1/position = Vector2(280, 320)
nodes/AttackTrigger/node = SubResource("AnimationNodeOneShot_h32hr")
nodes/AttackTrigger/position = Vector2(720, 180)
nodes/Death/node = SubResource("AnimationNodeAnimation_5yyp0")
nodes/Death/position = Vector2(500, 540)
nodes/DeathTransition/node = SubResource("AnimationNodeTransition_nw3li")
nodes/DeathTransition/position = Vector2(980, 300)
nodes/MoveSpace/node = SubResource("AnimationNodeBlendSpace1D_76jb3")
nodes/MoveSpace/position = Vector2(500, 120)
nodes/output/position = Vector2(1240, 320)
node_connections = [&"AttackTrigger", 0, &"MoveSpace", &"AttackTrigger", 1, &"Attack1", &"DeathTransition", 0, &"AttackTrigger", &"DeathTransition", 1, &"Death", &"output", 0, &"DeathTransition"]

[node name="Enemy" type="CharacterBody3D" node_paths=PackedStringArray("StateMachine", "HealthComponent")]
collision_layer = 8
script = ExtResource("1_eyhau")
StateMachine = NodePath("StateMachine")
HealthComponent = NodePath("HealthComponent")

[node name="Abilities" type="Node3D" parent="."]

[node name="MeleeAttack" parent="Abilities" node_paths=PackedStringArray("abilityDamager") instance=ExtResource("2_uivum")]
damageAmount = 1.0
abilityDamager = NodePath("../../MeleeAttack/MeleeAttackCollider")
abilityDuration = 2.0
abilityCooldownTime = 3.0

[node name="StateMachine" type="Node" parent="." node_paths=PackedStringArray("MeleeAttackAbility", "initialState")]
script = ExtResource("1_3u8xu")
BaseMoveSpeed = 1.5
ChaseMoveSpeed = 2.0
MeleeAttackAbility = NodePath("../Abilities/MeleeAttack")
initialState = NodePath("IdleState")

[node name="IdleState" type="Node" parent="StateMachine"]
script = ExtResource("3_epsjv")

[node name="ChaseState" type="Node" parent="StateMachine"]
script = ExtResource("4_is1iy")

[node name="AttackState" type="Node" parent="StateMachine"]
script = ExtResource("4_dqpjx")

[node name="DeathState" type="Node" parent="StateMachine"]
script = ExtResource("5_l7lc1")

[node name="PatrolState" type="Node" parent="StateMachine"]
script = ExtResource("7_is1iy")

[node name="WanderState" type="Node" parent="StateMachine"]
script = ExtResource("8_h2jgk")

[node name="SuspicionState" type="Node" parent="StateMachine"]
script = ExtResource("9_h2jgk")

[node name="HealthComponent" parent="." instance=ExtResource("5_r4olu")]
MaxHealth = 7.0
InvulnerabilityTime = 2.0

[node name="NavigationAgent3D" type="NavigationAgent3D" parent="."]
simplify_path = true
avoidance_enabled = true
height = 2.0
max_speed = 5.0
debug_enabled = true

[node name="CollisionShape3D" type="CollisionShape3D" parent="."]
shape = SubResource("CapsuleShape3D_pqwom")

[node name="RigPivot" type="Node3D" parent="."]
transform = Transform3D(1, 0, 0, 0, 1, 0, 0, 0, 1, 0, -1, 0)

[node name="Rig" parent="RigPivot" instance=ExtResource("2_w1h0a")]

[node name="GeneralSkeleton" parent="RigPivot/Rig" index="0"]
bones/0/position = Vector3(-0.0742339, -0.0232352, 0.0661296)
bones/0/rotation = Quaternion(-0.0282791, -0.0643807, -0.0401481, 0.996716)
bones/2/rotation = Quaternion(-0.020132, -0.00927203, 0.0414184, 0.998896)
bones/3/rotation = Quaternion(-0.00295212, -0.0127163, 0.0546456, 0.99842)
bones/4/rotation = Quaternion(-0.00257187, -0.0108774, 0.0551562, 0.998415)
bones/5/rotation = Quaternion(0.0545681, 0.00616634, -0.0252787, 0.998171)
bones/6/rotation = Quaternion(0.0552862, 0.00613025, -0.0252555, 0.998132)
bones/9/rotation = Quaternion(0.00293775, 0.0266111, -0.0764653, 0.996713)
bones/10/rotation = Quaternion(0.593184, 0.0475454, 0.794173, -0.123131)
bones/11/rotation = Quaternion(0.022171, 0.703051, -0.0831143, 0.705918)
bones/12/rotation = Quaternion(0.226908, 0.709034, 0.176504, 0.643918)
bones/13/rotation = Quaternion(0.362052, 0.521091, -0.460872, -0.620467)
bones/14/rotation = Quaternion(-0.0733182, 0.186071, 0.0405881, 0.978956)
bones/16/rotation = Quaternion(0.0654328, -0.00433365, -0.217917, 0.973762)
bones/17/rotation = Quaternion(-0.336185, -0.621662, 0.407263, 0.578492)
bones/18/rotation = Quaternion(-0.00685528, 0.00554012, -0.142162, 0.989804)
bones/20/rotation = Quaternion(-0.10052, 0.680664, 0.167109, 0.706164)
bones/21/rotation = Quaternion(0.42953, 0.833552, 0.306887, -0.162835)
bones/22/rotation = Quaternion(-0.0179231, 0.00640528, -0.195053, 0.980608)
bones/25/rotation = Quaternion(0.00990675, 0.05257, 0.10359, 0.99318)
bones/26/rotation = Quaternion(0.631904, -0.134736, -0.704341, -0.294019)
bones/27/rotation = Quaternion(0.00267575, -0.705078, 0.0637776, 0.706251)
bones/28/rotation = Quaternion(0.143525, -0.651096, -0.128694, 0.734106)
bones/29/rotation = Quaternion(-0.573784, 0.452123, 0.572688, -0.372002)
bones/30/rotation = Quaternion(0.018632, 0.199351, 0.0356781, 0.979101)
bones/32/rotation = Quaternion(0.080477, 0.00543271, 0.222577, 0.971573)
bones/33/rotation = Quaternion(-0.538432, 0.457816, 0.590985, -0.388886)
bones/34/rotation = Quaternion(-0.00689497, 0.00373384, -0.0932599, 0.995611)
bones/36/rotation = Quaternion(-0.105053, -0.683388, -0.162738, 0.70389)
bones/37/rotation = Quaternion(0.167704, 0.304309, -0.826562, 0.442794)
bones/38/rotation = Quaternion(-0.0182163, 0.000806455, -0.0237741, 0.999551)
bones/43/rotation = Quaternion(-0.0730631, 0.0155641, 0.994883, -0.0680278)
bones/44/rotation = Quaternion(-0.00017457, 0.979668, -0.191575, -0.0595761)
bones/45/rotation = Quaternion(-0.020267, 0.593119, -0.804556, 0.0221229)
bones/46/rotation = Quaternion(0.00276943, 1.10411e-09, -8.7606e-08, 0.999996)
bones/48/rotation = Quaternion(0.141133, 0.173403, 0.968327, -0.11116)
bones/49/rotation = Quaternion(-0.0262414, 0.98592, -0.16241, -0.0299316)
bones/50/rotation = Quaternion(-0.0458535, 0.727369, -0.682637, 0.0532673)
bones/51/rotation = Quaternion(-0.0197807, -3.95423e-08, -9.74745e-08, 0.999804)
bones/55/rotation = Quaternion(0.227152, 0.131925, -0.615502, 0.743071)

[node name="Item_WarriorSholderArmor" parent="RigPivot/Rig/GeneralSkeleton" index="0"]
transform = Transform3D(0.314456, 0.867364, -0.385742, -0.946071, 0.319701, -0.0523671, 0.0779007, 0.381406, 0.921119, 0.227603, 1.34753, -0.0457416)
visible = false
bone_idx = 24

[node name="Item_WarriorSholderArmor1" parent="RigPivot/Rig/GeneralSkeleton" index="1"]
transform = Transform3D(0.759059, 0.413904, 0.502507, 0.433178, -0.897313, 0.0847632, 0.485991, 0.153335, -0.860408, 0.536223, 0.116375, 0.161579)
visible = false
bone_idx = 40

[node name="Item_Sword" parent="RigPivot/Rig/GeneralSkeleton" index="2"]
transform = Transform3D(0.959916, -0.206153, -0.189904, 0.229088, 0.96742, 0.10778, 0.161498, -0.146965, 0.975869, 0.0335625, 1.2449, -0.173463)
visible = false
bone_idx = 41

[node name="Item_SwordHolder" parent="RigPivot/Rig/GeneralSkeleton" index="3"]
transform = Transform3D(0.959916, -0.206153, -0.189904, 0.229088, 0.96742, 0.10778, 0.161498, -0.146965, 0.975869, 0.265859, 0.0130923, 0.171716)
visible = false
bone_idx = 42

[node name="Item_WaterCanteen" parent="RigPivot/Rig/GeneralSkeleton" index="4"]
transform = Transform3D(0.988487, 0.0836737, -0.126068, -0.0763912, 0.995177, 0.0615421, 0.130609, -0.0512031, 0.990111, -0.196111, 0.913895, -0.003404)
visible = false
bone_idx = 53

[node name="Item_WaterBladder_01" parent="RigPivot/Rig/GeneralSkeleton" index="5"]
transform = Transform3D(0.988487, 0.0836737, -0.126068, -0.0763912, 0.995177, 0.0615421, 0.130609, -0.0512031, 0.990111, 0.193367, 0.733203, 0.035854)
visible = false
bone_idx = 54

[node name="SM_Prop_SpellBook_03" parent="RigPivot/Rig/GeneralSkeleton" index="6"]
transform = Transform3D(0.193563, 0.952992, -0.233109, -0.895793, 0.0747734, -0.438137, -0.40011, 0.293624, 0.868157, 0.222636, 0.936138, 0.0225128)
visible = false
bone_idx = 55

[node name="Item_Pouch" parent="RigPivot/Rig/GeneralSkeleton" index="7"]
transform = Transform3D(1.04768, 0.081988, -0.137827, -0.0809654, 1.0567, 0.0131417, 0.13843, -0.0024616, 1.0508, -0.0963069, -0.0897799, 0.0171813)
visible = false
bone_idx = 56

[node name="SM_Prop_Vials" parent="RigPivot/Rig/GeneralSkeleton" index="8"]
transform = Transform3D(-0.180109, 0.0836738, -0.980081, 0.0656405, 0.995177, 0.0728998, 0.981454, -0.0512031, -0.184733, -0.188106, 0.917108, 0.00198005)
visible = false
bone_idx = 57

[node name="Item_SwordSheath" parent="RigPivot/Rig/GeneralSkeleton" index="9"]
transform = Transform3D(0.401315, -0.229064, 0.886835, 0.478317, 0.878126, 0.0103642, -0.781127, 0.420029, 0.461971, 0.239771, 0.713673, -0.00549411)
visible = false
bone_idx = 58

[node name="Item_Dagger" parent="RigPivot/Rig/GeneralSkeleton" index="10"]
transform = Transform3D(0.988487, 0.0836737, -0.126068, -0.0763912, 0.995177, 0.0615421, 0.130609, -0.0512031, 0.990111, 0.208502, 0.840673, 0.0534004)
visible = false
bone_idx = 59

[node name="Item_CoinBag" parent="RigPivot/Rig/GeneralSkeleton" index="11"]
transform = Transform3D(0.988487, 0.0836737, -0.126068, -0.0763912, 0.995177, 0.0615421, 0.130609, -0.0512031, 0.990111, -0.207227, 0.869009, 0.00314919)
visible = false
bone_idx = 60

[node name="Character_Female_Witch" parent="RigPivot/Rig/GeneralSkeleton" index="12"]
visible = false

[node name="Character_Female_Queen" parent="RigPivot/Rig/GeneralSkeleton" index="13"]
visible = false

[node name="Character_Female_Druid" parent="RigPivot/Rig/GeneralSkeleton" index="14"]
visible = false

[node name="Character_Female_Gypsy" parent="RigPivot/Rig/GeneralSkeleton" index="15"]
visible = false

[node name="Character_Female_Peasant_01" parent="RigPivot/Rig/GeneralSkeleton" index="16"]
visible = false

[node name="Character_Female_Peasant_02" parent="RigPivot/Rig/GeneralSkeleton" index="17"]
visible = false

[node name="Character_Male_Baird" parent="RigPivot/Rig/GeneralSkeleton" index="18"]
visible = false

[node name="Character_Male_Sorcerer" parent="RigPivot/Rig/GeneralSkeleton" index="19"]
visible = false

[node name="Character_Male_King" parent="RigPivot/Rig/GeneralSkeleton" index="20"]
visible = false

[node name="Character_Male_Rouge_01" parent="RigPivot/Rig/GeneralSkeleton" index="22"]
visible = false

[node name="Character_Male_Wizard" parent="RigPivot/Rig/GeneralSkeleton" index="23"]
visible = false

[node name="AnimationPlayer" parent="RigPivot/Rig" index="1"]
libraries = {
&"TEMP_EnemyAnimLibrary": ExtResource("2_bhjmh")
}

[node name="RightHandAttachment" type="BoneAttachment3D" parent="RigPivot"]
transform = Transform3D(-0.0272055, -0.0807037, 0.996367, 0.390063, -0.918578, -0.0637524, 0.920386, 0.386912, 0.05647, -0.261505, 0.682559, -0.107448)
bone_name = "RightHand"
bone_idx = 28
use_external_skeleton = true
external_skeleton = NodePath("../Rig/GeneralSkeleton")

[node name="WeaponSlot" type="Node3D" parent="RigPivot/RightHandAttachment"]
transform = Transform3D(0.998604, -0.0369963, -0.0377162, 0.0394601, 0.996984, 0.0668198, 0.0351305, -0.0682148, 0.997052, -0.00729713, 0.0490943, 0.0338885)

[node name="SM_Prop_SwordOrnate_01" parent="RigPivot/RightHandAttachment/WeaponSlot" instance=ExtResource("2_vq338")]
transform = Transform3D(0.523173, 0.85195, 0.0217142, -0.736141, 0.438924, 0.515211, 0.429403, -0.285529, 0.856789, -0.00156301, 0.00976056, -0.00743541)

[node name="AttackRange" type="ShapeCast3D" parent="RigPivot"]
shape = SubResource("SphereShape3D_0ae5k")
target_position = Vector3(0, 0, 0)
collision_mask = 4
debug_shape_custom_color = Color(1, 0, 0, 1)

[node name="ChaseRange" type="ShapeCast3D" parent="RigPivot"]
shape = SubResource("SphereShape3D_epsjv")
collision_mask = 4

[node name="MeleeAttack" type="BoneAttachment3D" parent="."]
transform = Transform3D(-0.0272055, -0.0807037, 0.996367, 0.390063, -0.918578, -0.0637524, 0.920386, 0.386912, 0.05647, -0.261505, -0.317441, -0.107448)
bone_name = "RightHand"
bone_idx = 28
use_external_skeleton = true
external_skeleton = NodePath("../RigPivot/Rig/GeneralSkeleton")

[node name="MeleeAttackCollider" type="ShapeCast3D" parent="MeleeAttack" node_paths=PackedStringArray("selfCollider")]
unique_name_in_owner = true
transform = Transform3D(0.533482, 0.845291, -0.0296918, -0.684584, 0.452139, 0.571765, 0.496732, -0.284699, 0.819881, -0.00893862, 0.058267, 0.0257543)
shape = SubResource("CapsuleShape3D_ixyjj")
target_position = Vector3(0, 1, 0)
margin = 0.5
collision_mask = 4
debug_shape_custom_color = Color(0.882353, 0, 0, 1)
script = ExtResource("11_0ae5k")
damage = 2.0
selfCollider = NodePath("../..")

[node name="AnimationTree" type="AnimationTree" parent="."]
root_node = NodePath("../RigPivot/Rig")
tree_root = SubResource("AnimationNodeBlendTree_jv3td")
anim_player = NodePath("../AnimationPlayer")
parameters/AttackTrigger/active = false
parameters/AttackTrigger/internal_active = false
parameters/AttackTrigger/request = 0
parameters/DeathTransition/current_state = "NotDeath"
parameters/DeathTransition/transition_request = ""
parameters/DeathTransition/current_index = 0
parameters/MoveSpace/blend_position = 0.0

[node name="AnimationPlayer" type="AnimationPlayer" parent="."]
root_node = NodePath("../RigPivot/Rig")
libraries = {
&"TEMP_EnemyAnimLibrary": ExtResource("2_bhjmh")
}

[connection signal="OnDeathTriggered" from="HealthComponent" to="StateMachine" method="ChangeToDeathState"]
[connection signal="velocity_computed" from="NavigationAgent3D" to="StateMachine" method="OnNavAgentVelocityComputed"]

[editable path="RigPivot/Rig"]
