[gd_scene load_steps=2 format=3 uid="uid://c8r47qigqq5up"]

[ext_resource type="PackedScene" uid="uid://cy5lmq1djweto" path="res://GameObjects/BaseEnemy.tscn" id="1_yfddu"]

[node name="Enemy" instance=ExtResource("1_yfddu")]

[node name="GeneralSkeleton" parent="RigPivot/Rig" index="0"]
bones/0/position = Vector3(-0.0621699, -0.0225792, 0.0830499)
bones/0/rotation = Quaternion(-0.0325027, -0.0601687, -0.0313749, 0.997165)
bones/1/position = Vector3(0, 0.876276, -3.41481e-08)
bones/2/position = Vector3(-6.29262e-18, 0.102766, -0.0155287)
bones/2/rotation = Quaternion(-0.0126376, -0.00877521, 0.0402991, 0.999069)
bones/3/position = Vector3(-8.8959e-18, 0.181287, 0.00902049)
bones/3/rotation = Quaternion(0.00191922, -0.0134156, 0.0505635, 0.998629)
bones/4/position = Vector3(-1.08083e-17, 0.177116, -0.026154)
bones/4/rotation = Quaternion(0.00234145, -0.0120817, 0.0508818, 0.998629)
bones/5/position = Vector3(-5.29613e-18, 0.111566, 0.00849988)
bones/5/rotation = Quaternion(0.0445348, 0.00386848, -0.024244, 0.998706)
bones/6/position = Vector3(-5.08535e-18, 0.1201, 0.0193228)
bones/6/rotation = Quaternion(0.0445355, 0.00386848, -0.0242441, 0.998706)
bones/7/position = Vector3(1.47948e-17, 0.0944761, 0.122722)
bones/7/rotation = Quaternion(8.9407e-08, 6.04999e-17, 2.88981e-19, 1)
bones/7/scale = Vector3(1, 1, 1)
bones/8/position = Vector3(1.47756e-17, 0.127669, 0.122722)
bones/8/rotation = Quaternion(8.9407e-08, 6.04999e-17, 2.88981e-19, 1)
bones/8/scale = Vector3(1, 1, 1)
bones/9/position = Vector3(0.0744716, 0.0546602, 0.0462001)
bones/9/rotation = Quaternion(0.00212118, 0.0338877, -0.0685536, 0.99707)
bones/10/position = Vector3(0.116518, -0.00171325, -0.0619602)
bones/10/rotation = Quaternion(0.591644, 0.0509515, 0.795196, -0.122576)
bones/11/position = Vector3(-0.00478923, 0.338167, -0.0294513)
bones/11/rotation = Quaternion(0.022322, 0.703033, -0.0832646, 0.705913)
bones/12/position = Vector3(-1.6132e-08, 0.270476, 0.0190378)
bones/12/rotation = Quaternion(0.224615, 0.700061, 0.170701, 0.65599)
bones/13/position = Vector3(-0.0450557, 0.0351405, 0.0117072)
bones/13/scale = Vector3(1, 1, 1)
bones/14/position = Vector3(0.0637026, 1.8921e-07, -3.47986e-07)
bones/14/scale = Vector3(1, 1, 1)
bones/15/position = Vector3(0.056655, -2.23233e-07, -5.94871e-08)
bones/15/rotation = Quaternion(-0.0364033, 0.152035, 0.229995, 0.960553)
bones/15/scale = Vector3(1, 1, 1)
bones/16/position = Vector3(-0.0267266, 0.103966, -0.00398667)
bones/17/position = Vector3(-0.00537507, 0.0405796, 0.000348419)
bones/17/scale = Vector3(1, 1, 1)
bones/18/position = Vector3(0.0379131, -2.35287e-07, -2.74613e-07)
bones/18/scale = Vector3(1, 1, 1)
bones/19/position = Vector3(0.0377975, 2.10185e-07, -2.44424e-08)
bones/19/rotation = Quaternion(-0.00451965, 0.0280399, 0.159068, 0.986859)
bones/19/scale = Vector3(1, 1, 1)
bones/20/position = Vector3(0.0328334, 0.0998261, 0.00115977)
bones/20/scale = Vector3(1, 0.999392, 0.999392)
bones/21/position = Vector3(-0.00479904, 0.0322147, 0.0273224)
bones/21/scale = Vector3(1.00059, 1.00001, 1.00061)
bones/22/position = Vector3(0.035133, -6.23562e-07, 4.87894e-07)
bones/22/scale = Vector3(1, 1, 1)
bones/23/position = Vector3(0.0300329, 2.26893e-07, -4.19668e-07)
bones/23/rotation = Quaternion(0.0166463, -0.0965251, 0.16913, 0.980714)
bones/23/scale = Vector3(1, 1, 1)
bones/24/position = Vector3(-0.0129954, 0.0473564, 0.0416161)
bones/24/rotation = Quaternion(0.5, 0.5, 0.5, 0.5)
bones/25/position = Vector3(-0.0744716, 0.0546638, 0.0462001)
bones/25/rotation = Quaternion(0.00837927, 0.0307013, 0.105466, 0.993914)
bones/26/position = Vector3(-0.116517, -0.00171973, -0.0619602)
bones/26/rotation = Quaternion(0.622994, -0.138901, -0.709506, -0.29864)
bones/27/position = Vector3(0.00478925, 0.338167, -0.0294499)
bones/27/rotation = Quaternion(0.030343, -0.702042, 0.0912036, 0.705619)
bones/28/position = Vector3(-1.09604e-08, 0.270476, 0.0190378)
bones/28/rotation = Quaternion(0.130857, -0.659795, -0.103791, 0.732649)
bones/29/position = Vector3(0.0450557, 0.0351401, 0.0117103)
bones/29/rotation = Quaternion(-0.571786, 0.456583, 0.572815, -0.369425)
bones/29/scale = Vector3(1, 1, 1)
bones/30/position = Vector3(-0.063702, -7.99178e-06, 7.83105e-07)
bones/30/rotation = Quaternion(0.00430484, 0.209187, 0.0244545, 0.97756)
bones/30/scale = Vector3(1, 1, 1)
bones/31/position = Vector3(-0.0566544, 3.18822e-07, -1.55634e-07)
bones/31/rotation = Quaternion(-0.0364033, 0.152035, 0.229995, 0.960553)
bones/31/scale = Vector3(1, 1, 1)
bones/32/position = Vector3(0.0267265, 0.103966, -0.00398951)
bones/32/rotation = Quaternion(0.0790203, 0.00537786, 0.221618, 0.971912)
bones/33/position = Vector3(0.00537506, 0.0405792, 0.000349387)
bones/33/rotation = Quaternion(-0.54477, 0.4504, 0.595895, -0.381149)
bones/33/scale = Vector3(1, 1, 1)
bones/34/position = Vector3(-0.0379133, 3.4835e-06, 2.23724e-07)
bones/34/rotation = Quaternion(-0.00689519, 0.00371871, -0.0928821, 0.995646)
bones/34/scale = Vector3(1, 1, 1)
bones/35/position = Vector3(-0.0377929, -5.47682e-06, -1.32432e-07)
bones/35/rotation = Quaternion(-0.00451965, 0.0280399, 0.159068, 0.986859)
bones/35/scale = Vector3(1, 1, 1)
bones/36/position = Vector3(-0.0328334, 0.0998258, 0.00116019)
bones/36/rotation = Quaternion(-0.106363, -0.684137, -0.161542, 0.703241)
bones/36/scale = Vector3(1, 0.999392, 0.999392)
bones/37/position = Vector3(0.0047993, 0.0322147, 0.0273224)
bones/37/rotation = Quaternion(0.163302, 0.306902, -0.833091, 0.430236)
bones/37/scale = Vector3(1.00059, 1.00001, 1.00061)
bones/38/position = Vector3(-0.0351329, 4.24156e-07, -4.78325e-07)
bones/38/rotation = Quaternion(-0.0181713, 0.0024277, -0.0716012, 0.997265)
bones/38/scale = Vector3(0.999999, 1, 1)
bones/39/position = Vector3(-0.0300316, 9.09501e-07, 7.81874e-07)
bones/39/rotation = Quaternion(0.0166463, -0.0965251, 0.16913, 0.980714)
bones/39/scale = Vector3(1, 1, 1)
bones/40/position = Vector3(0.0744716, -1.39211, -0.013538)
bones/40/rotation = Quaternion(0.97027, 0.00629897, 0.241938, 0.00157059)
bones/41/position = Vector3(0.00346232, -0.0471491, -0.127307)
bones/41/rotation = Quaternion(3.35276e-08, -1.48581e-08, -1.13192e-09, 1)
bones/42/position = Vector3(-1.0443e-14, -1.33745, 0.0326623)
bones/42/rotation = Quaternion(3.35276e-08, -1.48581e-08, -1.13192e-09, 1)
bones/43/position = Vector3(-0.0989671, -0.0447179, -0.020469)
bones/43/rotation = Quaternion(-0.0793043, 0.00440924, 0.995086, -0.0591153)
bones/44/position = Vector3(0.0126745, 0.399108, -2.34768e-09)
bones/44/rotation = Quaternion(-0.000114159, 0.980475, -0.188198, -0.057005)
bones/45/position = Vector3(-0.00280185, 0.376756, 0.0164047)
bones/45/rotation = Quaternion(-0.0200749, 0.589382, -0.807311, 0.0217961)
bones/46/position = Vector3(1.68145e-09, 0.0963863, -0.0586739)
bones/46/rotation = Quaternion(0.00203889, -1.98479e-09, -6.8388e-08, 0.999998)
bones/47/position = Vector3(2.90714e-09, 0.0729576, 4.34861e-09)
bones/48/position = Vector3(0.0989671, -0.044718, -0.0204691)
bones/48/rotation = Quaternion(0.140911, 0.159056, 0.97168, -0.103364)
bones/49/position = Vector3(-0.0126749, 0.399108, -3.10728e-09)
bones/49/rotation = Quaternion(-0.0253284, 0.987421, -0.153265, -0.0294512)
bones/50/position = Vector3(0.00280101, 0.376756, 0.0164047)
bones/50/rotation = Quaternion(-0.0467056, 0.726573, -0.683364, 0.0540776)
bones/51/position = Vector3(1.34516e-08, 0.0963863, -0.0586739)
bones/51/rotation = Quaternion(-0.0207873, 8.99356e-08, -1.00427e-07, 0.999784)
bones/52/position = Vector3(9.40752e-09, 0.0729575, 6.52291e-09)
bones/53/rotation = Quaternion(-1.49012e-08, 0, 0, 1)
bones/54/position = Vector3(0.202781, -0.0995453, -0.0171593)
bones/54/rotation = Quaternion(-1.49012e-08, 0, 0, 1)
bones/55/position = Vector3(0.214467, 0.105543, -0.0215693)
bones/56/position = Vector3(-0.0231286, -0.94184, -0.0497769)
bones/56/rotation = Quaternion(0.0246604, 0, 0, 0.999696)
bones/57/position = Vector3(-0.192773, 0.053288, 0.00871111)
bones/57/rotation = Quaternion(-3.25429e-08, -0.726245, 3.06492e-08, 0.687436)
bones/58/rotation = Quaternion(0.140247, 0.554267, 0.252432, 0.780639)
bones/59/position = Vector3(0.211824, 0.0077751, 0.00491944)
bones/59/rotation = Quaternion(-1.49012e-08, 0, 0, 1)
bones/60/position = Vector3(-0.207847, 0.00376154, 0.00931909)
bones/60/rotation = Quaternion(-1.49012e-08, 0, 0, 1)

[node name="Item_WarriorSholderArmor" parent="RigPivot/Rig/GeneralSkeleton" index="0"]
transform = Transform3D(0.334382, 0.867552, -0.36816, -0.940745, 0.330665, -0.075234, 0.0564685, 0.371502, 0.926713, 0.217278, 1.35239, -0.0367847)

[node name="Item_WarriorSholderArmor1" parent="RigPivot/Rig/GeneralSkeleton" index="1"]
transform = Transform3D(0.735802, 0.420296, 0.530986, 0.423161, -0.897523, 0.124039, 0.528706, 0.133425, -0.838252, 0.535484, 0.118405, 0.149826)

[node name="Item_Sword" parent="RigPivot/Rig/GeneralSkeleton" index="2"]
transform = Transform3D(0.960224, -0.210353, -0.183635, 0.227784, 0.970468, 0.0794105, 0.161507, -0.118081, 0.979782, 0.0229093, 1.25031, -0.163909)

[node name="Item_SwordHolder" parent="RigPivot/Rig/GeneralSkeleton" index="3"]
transform = Transform3D(0.960224, -0.210353, -0.183635, 0.227784, 0.970468, 0.0794105, 0.161507, -0.118081, 0.979782, 0.261626, 0.0100296, 0.144626)

[node name="Item_WaterCanteen" parent="RigPivot/Rig/GeneralSkeleton" index="4"]
transform = Transform3D(0.990791, 0.0664832, -0.117957, -0.0586606, 0.995919, 0.0685967, 0.122036, -0.0610456, 0.990647, -0.200394, 0.911701, 0.00612912)

[node name="Item_WaterBladder_01" parent="RigPivot/Rig/GeneralSkeleton" index="5"]
transform = Transform3D(0.990791, 0.0664832, -0.117957, -0.0586606, 0.995919, 0.0685967, 0.122036, -0.0610456, 0.990647, 0.192407, 0.737909, 0.0433815)

[node name="SM_Prop_SpellBook_03" parent="RigPivot/Rig/GeneralSkeleton" index="6"]
transform = Transform3D(0.204877, 0.954267, -0.217715, -0.896104, 0.0933937, -0.433908, -0.393731, 0.283992, 0.874256, 0.218141, 0.941172, 0.0279192)

[node name="Item_Pouch" parent="RigPivot/Rig/GeneralSkeleton" index="7"]
transform = Transform3D(1.05012, 0.0642142, -0.128342, -0.0621731, 1.05785, 0.0205708, 0.129343, -0.0128528, 1.05188, -0.0835729, -0.0899338, 0.0349185)

[node name="SM_Prop_Vials" parent="RigPivot/Rig/GeneralSkeleton" index="8"]
transform = Transform3D(-0.172136, 0.0664832, -0.982827, 0.0717117, 0.995918, 0.0548089, 0.982459, -0.0610456, -0.176201, -0.192395, 0.915096, 0.0114085)

[node name="Item_SwordSheath" parent="RigPivot/Rig/GeneralSkeleton" index="9"]
transform = Transform3D(0.386017, -0.239892, 0.890754, 0.477696, 0.878031, 0.0294508, -0.789175, 0.414141, 0.453531, 0.238749, 0.718774, 0.00178019)

[node name="Item_Dagger" parent="RigPivot/Rig/GeneralSkeleton" index="10"]
transform = Transform3D(0.990791, 0.0664832, -0.117957, -0.0586606, 0.995919, 0.0685967, 0.122036, -0.0610456, 0.990647, 0.205897, 0.845775, 0.0598059)

[node name="Item_CoinBag" parent="RigPivot/Rig/GeneralSkeleton" index="11"]
transform = Transform3D(0.990791, 0.0664832, -0.117957, -0.0586606, 0.995919, 0.0685967, 0.122036, -0.0610456, 0.990647, -0.210694, 0.866698, 0.0131946)

[node name="Character_Female_Druid" parent="RigPivot/Rig/GeneralSkeleton" index="14"]
visible = true

[node name="Character_Male_Peasant_01" parent="RigPivot/Rig/GeneralSkeleton" index="21"]
visible = false

[node name="RightHandAttachment" parent="RigPivot" index="1"]
transform = Transform3D(-0.0277806, -0.062678, 0.997647, 0.375674, -0.925524, -0.0476857, 0.926335, 0.373466, 0.0492581, -0.267506, 0.687297, -0.102389)

[node name="WeaponSlot" parent="RigPivot/RightHandAttachment" index="0"]
visible = false

[node name="MeleeAttack" parent="." index="6"]
transform = Transform3D(-0.0277806, -0.062678, 0.997647, 0.375674, -0.925524, -0.0476857, 0.926335, 0.373466, 0.0492581, -0.267506, -0.312703, -0.102389)

[node name="MeleeAttackCollider" parent="MeleeAttack" index="0"]
visible = false

[editable path="RigPivot/Rig"]
