[gd_scene load_steps=2 format=3 uid="uid://c8r47qigqq5up"]

[ext_resource type="PackedScene" uid="uid://cy5lmq1djweto" path="res://GameObjects/BaseEnemy.tscn" id="1_yfddu"]

[node name="Enemy" instance=ExtResource("1_yfddu")]

[node name="MeleeAttack" parent="Abilities" index="0"]
damageAmount = 0

[node name="GeneralSkeleton" parent="RigPivot/Rig" index="0"]
bones/0/position = Vector3(-0.0558753, -0.0205633, 0.0971496)
bones/0/rotation = Quaternion(-0.0355951, -0.0760657, -0.0243978, 0.996169)
bones/2/rotation = Quaternion(-0.00787991, -0.00502665, 0.03201, 0.999444)
bones/3/rotation = Quaternion(0.000351823, -0.00825913, 0.0394891, 0.999186)
bones/4/rotation = Quaternion(0.000565595, -0.00763861, 0.0396208, 0.999185)
bones/5/rotation = Quaternion(0.0219787, 0.00373646, -0.0333384, 0.999195)
bones/6/rotation = Quaternion(0.0219784, 0.00373654, -0.0333386, 0.999196)
bones/9/rotation = Quaternion(0.00101122, 0.0436326, -0.0571033, 0.997414)
bones/10/rotation = Quaternion(0.645929, 0.0608628, 0.743448, -0.162348)
bones/11/rotation = Quaternion(0.0618913, 0.697262, -0.122364, 0.703578)
bones/12/rotation = Quaternion(0.193133, 0.68487, 0.137465, 0.689026)
bones/25/rotation = Quaternion(0.00510404, -0.00531197, 0.0930521, 0.995634)
bones/26/rotation = Quaternion(0.617508, -0.152802, -0.715282, -0.289322)
bones/27/rotation = Quaternion(0.0451723, -0.699971, 0.105865, 0.704835)
bones/28/rotation = Quaternion(0.124101, -0.64652, -0.103641, 0.745566)
bones/29/rotation = Quaternion(-0.57547, 0.447157, 0.573378, -0.374329)
bones/30/rotation = Quaternion(0.0317959, 0.191186, 0.0457635, 0.979971)
bones/32/rotation = Quaternion(0.0825279, 0.00550354, 0.223927, 0.97109)
bones/33/rotation = Quaternion(-0.532434, 0.464658, 0.586311, -0.396039)
bones/34/rotation = Quaternion(-0.00689466, 0.00375121, -0.093692, 0.99557)
bones/36/rotation = Quaternion(-0.10321, -0.68233, -0.164419, 0.704798)
bones/37/rotation = Quaternion(0.17153, 0.301981, -0.820689, 0.453712)
bones/38/rotation = Quaternion(-0.0182239, -0.000530655, 0.0156624, 0.999711)
bones/43/rotation = Quaternion(-0.0861688, -0.00842417, 0.995026, -0.0492781)
bones/44/rotation = Quaternion(-0.00543503, 0.98335, -0.178496, -0.033662)
bones/45/rotation = Quaternion(-0.0241247, 0.59013, -0.806551, 0.0253145)
bones/46/rotation = Quaternion(0.000855813, -1.06596e-07, -2.5411e-07, 1)
bones/48/rotation = Quaternion(0.145284, 0.137841, 0.974434, -0.101833)
bones/49/rotation = Quaternion(-0.0263757, 0.98973, -0.139728, -0.0146382)
bones/50/rotation = Quaternion(-0.0497848, 0.724333, -0.685259, 0.057299)
bones/51/rotation = Quaternion(-0.0205568, 5.27289e-08, -1.01627e-07, 0.999789)

[node name="Item_WarriorSholderArmor" parent="RigPivot/Rig/GeneralSkeleton" index="0"]
transform = Transform3D(0.377458, 0.90278, -0.206191, -0.925999, 0.369717, -0.0763968, 0.00726262, 0.219769, 0.975525, 0.221129, 1.35115, -0.0373007)

[node name="Item_WarriorSholderArmor1" parent="RigPivot/Rig/GeneralSkeleton" index="1"]
transform = Transform3D(0.714184, 0.349853, 0.606255, 0.364276, -0.925366, 0.104878, 0.5977, 0.145942, -0.788324, 0.441723, 0.0833613, 0.180785)

[node name="Item_Sword" parent="RigPivot/Rig/GeneralSkeleton" index="2"]
transform = Transform3D(0.968228, -0.162164, -0.190365, 0.180901, 0.979781, 0.0854546, 0.172658, -0.117177, 0.977987, 0.0215058, 1.25172, -0.154489)

[node name="Item_SwordHolder" parent="RigPivot/Rig/GeneralSkeleton" index="3"]
transform = Transform3D(0.968228, -0.162164, -0.190365, 0.180901, 0.979781, 0.0854546, 0.172658, -0.117177, 0.977987, 0.196941, 0.000558138, 0.152554)

[node name="Item_WaterCanteen" parent="RigPivot/Rig/GeneralSkeleton" index="4"]
transform = Transform3D(0.987238, 0.0540237, -0.149812, -0.0431935, 0.996276, 0.0746291, 0.153285, -0.0672058, 0.985894, -0.205056, 0.910962, 0.00821905)

[node name="Item_WaterBladder_01" parent="RigPivot/Rig/GeneralSkeleton" index="5"]
transform = Transform3D(0.987238, 0.0540237, -0.149812, -0.0431935, 0.996276, 0.0746291, 0.153285, -0.0672058, 0.985894, 0.18885, 0.743235, 0.0591148)

[node name="SM_Prop_SpellBook_03" parent="RigPivot/Rig/GeneralSkeleton" index="6"]
transform = Transform3D(0.229942, 0.94349, -0.238647, -0.896069, 0.109575, -0.430179, -0.37972, 0.312761, 0.870628, 0.212128, 0.946726, 0.0427752)

[node name="Item_Pouch" parent="RigPivot/Rig/GeneralSkeleton" index="7"]
transform = Transform3D(1.04635, 0.04936, -0.161412, -0.0457798, 1.05855, 0.026938, 0.162464, -0.0196223, 1.04717, -0.0747935, -0.0885993, 0.0489359)

[node name="SM_Prop_Vials" parent="RigPivot/Rig/GeneralSkeleton" index="8"]
transform = Transform3D(-0.203748, 0.0540237, -0.977532, 0.0768865, 0.996275, 0.0390341, 0.976, -0.0672058, -0.207143, -0.197275, 0.914515, 0.0137164)

[node name="Item_SwordSheath" parent="RigPivot/Rig/GeneralSkeleton" index="9"]
transform = Transform3D(0.403563, -0.265314, 0.87564, 0.477092, 0.877647, 0.046041, -0.780718, 0.39918, 0.480765, 0.236739, 0.724455, 0.0191356)

[node name="Item_Dagger" parent="RigPivot/Rig/GeneralSkeleton" index="10"]
transform = Transform3D(0.987238, 0.0540237, -0.149812, -0.0431935, 0.996276, 0.0746291, 0.153285, -0.0672058, 0.985894, 0.200268, 0.851413, 0.0750557)

[node name="Item_CoinBag" parent="RigPivot/Rig/GeneralSkeleton" index="11"]
transform = Transform3D(0.987238, 0.0540237, -0.149812, -0.0431935, 0.996276, 0.0746291, 0.153285, -0.0672058, 0.985894, -0.214923, 0.86587, 0.0153337)

[node name="Character_Female_Druid" parent="RigPivot/Rig/GeneralSkeleton" index="14"]
visible = true

[node name="Character_Male_Peasant_01" parent="RigPivot/Rig/GeneralSkeleton" index="21"]
visible = false

[node name="RightHandAttachment" parent="RigPivot" index="1"]
transform = Transform3D(-0.0931048, -0.169439, 0.981133, 0.424351, -0.898185, -0.114845, 0.900699, 0.405652, 0.155527, -0.305866, 0.70996, -0.0907827)

[node name="WeaponSlot" parent="RigPivot/RightHandAttachment" index="0"]
visible = false

[node name="MeleeAttack" parent="." index="6"]
transform = Transform3D(-0.0931048, -0.169439, 0.981133, 0.424351, -0.898185, -0.114845, 0.900699, 0.405652, 0.155527, -0.305866, -0.29004, -0.0907827)

[editable path="RigPivot/Rig"]
[editable path="MeleeAttack/Damager"]
