[gd_scene load_steps=2 format=3 uid="uid://c8r47qigqq5up"]

[ext_resource type="PackedScene" uid="uid://cy5lmq1djweto" path="res://GameObjects/BaseEnemy.tscn" id="1_yfddu"]

[node name="Enemy" instance=ExtResource("1_yfddu")]

[node name="MeleeAttack" parent="Abilities" index="0"]
damageAmount = 0.0

[node name="GeneralSkeleton" parent="RigPivot/Rig" index="0"]
bones/0/position = Vector3(-0.043384, -0.021138, 0.0969491)
bones/0/rotation = Quaternion(-0.0345524, -0.0653793, -0.0185542, 0.99709)
bones/2/rotation = Quaternion(-0.00978641, -0.00548186, 0.0315892, 0.999438)
bones/3/rotation = Quaternion(-0.00185665, -0.00930409, 0.0378721, 0.999238)
bones/4/rotation = Quaternion(-0.00160804, -0.00872366, 0.0380247, 0.999237)
bones/5/rotation = Quaternion(0.0270317, 0.00076189, -0.0247561, 0.999328)
bones/6/rotation = Quaternion(0.0270325, 0.000761886, -0.0247563, 0.999328)
bones/9/rotation = Quaternion(0.000468337, 0.0476703, -0.0502001, 0.997601)
bones/10/rotation = Quaternion(0.632598, 0.0499729, 0.755043, -0.165023)
bones/11/rotation = Quaternion(0.0765926, 0.694552, -0.136842, 0.702144)
bones/12/rotation = Quaternion(0.183639, 0.698058, 0.118461, 0.681879)
bones/13/rotation = Quaternion(0.362052, 0.521091, -0.460872, -0.620467)
bones/14/rotation = Quaternion(-0.0733182, 0.186071, 0.0405881, 0.978956)
bones/16/rotation = Quaternion(0.0654328, -0.00433365, -0.217917, 0.973762)
bones/17/rotation = Quaternion(-0.336185, -0.621662, 0.407263, 0.578492)
bones/18/rotation = Quaternion(-0.00685528, 0.00554012, -0.142162, 0.989804)
bones/20/rotation = Quaternion(-0.10052, 0.680664, 0.167109, 0.706164)
bones/21/rotation = Quaternion(0.42953, 0.833552, 0.306887, -0.162835)
bones/22/rotation = Quaternion(-0.0179231, 0.00640528, -0.195053, 0.980608)
bones/25/rotation = Quaternion(0.00431504, -0.0114681, 0.0828943, 0.996483)
bones/26/rotation = Quaternion(0.630326, -0.130015, -0.71353, -0.276877)
bones/27/rotation = Quaternion(0.054758, -0.698467, 0.115328, 0.704163)
bones/28/rotation = Quaternion(0.109162, -0.664969, -0.0913035, 0.733187)
bones/29/rotation = Quaternion(-0.577668, 0.440607, 0.57428, -0.377316)
bones/30/rotation = Quaternion(0.0515992, 0.17805, 0.0594961, 0.980865)
bones/32/rotation = Quaternion(0.085229, 0.00558846, 0.225701, 0.970445)
bones/33/rotation = Quaternion(-0.523869, 0.474147, 0.579589, -0.405983)
bones/34/rotation = Quaternion(-0.00689411, 0.00378602, -0.0945604, 0.995488)
bones/36/rotation = Quaternion(-0.101254, -0.681201, -0.166201, 0.705755)
bones/37/rotation = Quaternion(0.177446, 0.298239, -0.811229, 0.470611)
bones/38/rotation = Quaternion(-0.0181654, -0.00291428, 0.0859426, 0.99613)
bones/43/rotation = Quaternion(-0.089614, -0.00495644, 0.995046, -0.0427496)
bones/44/rotation = Quaternion(-0.00524497, 0.982176, -0.183544, -0.0401747)
bones/45/rotation = Quaternion(-0.0227114, 0.586829, -0.809036, 0.0240171)
bones/46/rotation = Quaternion(0.000936885, -8.7717e-08, -2.22704e-07, 1)
bones/48/rotation = Quaternion(0.139818, 0.136958, 0.976338, -0.091969)
bones/49/rotation = Quaternion(-0.0265437, 0.990806, -0.131426, -0.0180442)
bones/50/rotation = Quaternion(-0.0487003, 0.72693, -0.682673, 0.0562101)
bones/51/rotation = Quaternion(-0.0206621, 6.97217e-08, -1.01079e-07, 0.999786)
bones/55/rotation = Quaternion(0.227152, 0.131925, -0.615502, 0.743071)

[node name="Item_WarriorSholderArmor" parent="RigPivot/Rig/GeneralSkeleton" index="0"]
transform = Transform3D(0.38527, 0.898301, -0.211241, -0.922793, 0.373894, -0.0930427, -0.00459864, 0.230778, 0.972995, 0.21684, 1.35321, -0.042371)

[node name="Item_WarriorSholderArmor1" parent="RigPivot/Rig/GeneralSkeleton" index="1"]
transform = Transform3D(0.720674, 0.335129, 0.606892, 0.354897, -0.930337, 0.0923036, 0.595548, 0.148863, -0.789406, 0.417917, 0.0752115, 0.1851)

[node name="Item_Sword" parent="RigPivot/Rig/GeneralSkeleton" index="2"]
transform = Transform3D(0.970251, -0.166474, -0.175782, 0.184852, 0.978276, 0.0938393, 0.156342, -0.123541, 0.979946, 0.0159745, 1.25048, -0.155066)

[node name="Item_SwordHolder" parent="RigPivot/Rig/GeneralSkeleton" index="3"]
transform = Transform3D(0.970251, -0.166474, -0.175782, 0.184852, 0.978276, 0.0938393, 0.156342, -0.123541, 0.979946, 0.199296, 0.00258589, 0.160559)

[node name="Item_WaterCanteen" parent="RigPivot/Rig/GeneralSkeleton" index="4"]
transform = Transform3D(0.990763, 0.0415185, -0.129096, -0.0324824, 0.996924, 0.0713298, 0.13166, -0.0664776, 0.989064, -0.204766, 0.908819, 0.0130559)

[node name="Item_WaterBladder_01" parent="RigPivot/Rig/GeneralSkeleton" index="5"]
transform = Transform3D(0.990763, 0.0415185, -0.129096, -0.0324824, 0.996924, 0.0713298, 0.13166, -0.0664776, 0.989064, 0.191987, 0.745393, 0.0550403)

[node name="SM_Prop_SpellBook_03" parent="RigPivot/Rig/GeneralSkeleton" index="6"]
transform = Transform3D(0.231509, 0.948815, -0.214832, -0.892831, 0.119527, -0.434242, -0.386338, 0.29234, 0.874803, 0.21265, 0.949156, 0.0385834)

[node name="Item_Pouch" parent="RigPivot/Rig/GeneralSkeleton" index="7"]
transform = Transform3D(1.05009, 0.0372047, -0.138829, -0.0344274, 1.05906, 0.0234116, 0.139544, -0.0186858, 1.05049, -0.062595, -0.0893, 0.04903)

[node name="SM_Prop_Vials" parent="RigPivot/Rig/GeneralSkeleton" index="8"]
transform = Transform3D(-0.183257, 0.0415185, -0.982188, 0.0730045, 0.996924, 0.0285201, 0.98035, -0.0664776, -0.185724, -0.196907, 0.91245, 0.0183892)

[node name="Item_SwordSheath" parent="RigPivot/Rig/GeneralSkeleton" index="9"]
transform = Transform3D(0.381141, -0.266242, 0.885351, 0.482835, 0.873985, 0.0549655, -0.788418, 0.406529, 0.461662, 0.239198, 0.727212, 0.0139918)

[node name="Item_Dagger" parent="RigPivot/Rig/GeneralSkeleton" index="10"]
transform = Transform3D(0.990763, 0.0415185, -0.129096, -0.0324824, 0.996924, 0.0713298, 0.13166, -0.0664776, 0.989064, 0.202552, 0.853664, 0.0709338)

[node name="Item_CoinBag" parent="RigPivot/Rig/GeneralSkeleton" index="11"]
transform = Transform3D(0.990763, 0.0415185, -0.129096, -0.0324824, 0.996924, 0.0713298, 0.13166, -0.0664776, 0.989064, -0.213976, 0.863608, 0.0202983)

[node name="Character_Female_Druid" parent="RigPivot/Rig/GeneralSkeleton" index="14"]
visible = true

[node name="Character_Male_Peasant_01" parent="RigPivot/Rig/GeneralSkeleton" index="21"]
visible = false

[node name="RightHandAttachment" parent="RigPivot" index="1"]
transform = Transform3D(-0.0851901, -0.138576, 0.986681, 0.400065, -0.911704, -0.0935043, 0.912519, 0.386771, 0.133108, -0.288158, 0.708622, -0.0879402)

[node name="WeaponSlot" parent="RigPivot/RightHandAttachment" index="0"]
visible = false

[node name="MeleeAttack" parent="." index="6"]
transform = Transform3D(-0.0851901, -0.138576, 0.986681, 0.400065, -0.911704, -0.0935043, 0.912519, 0.386771, 0.133108, -0.288158, -0.291378, -0.0879402)

[node name="MeleeAttackCollider" parent="MeleeAttack" index="0"]
visible = false

[editable path="RigPivot/Rig"]
