[gd_scene load_steps=2 format=3 uid="uid://c8r47qigqq5up"]

[ext_resource type="PackedScene" uid="uid://cy5lmq1djweto" path="res://GameObjects/BaseEnemy.tscn" id="1_yfddu"]

[node name="Enemy" instance=ExtResource("1_yfddu")]

[node name="MeleeAttack" parent="Abilities" index="0"]
abilityDuration = 0.0

[node name="GeneralSkeleton" parent="RigPivot/Rig" index="0"]
bones/0/position = Vector3(-0.0750554, -0.0238405, 0.0689944)
bones/0/rotation = Quaternion(-0.0273216, -0.0555904, -0.0381214, 0.997351)
bones/2/rotation = Quaternion(-0.0201405, -0.0103142, 0.0389942, 0.998983)
bones/3/rotation = Quaternion(-0.00742006, -0.0160473, 0.0512858, 0.998528)
bones/4/rotation = Quaternion(-0.00694368, -0.0145865, 0.051789, 0.998527)
bones/5/rotation = Quaternion(0.0309144, 0.00384164, -0.022472, 0.999262)
bones/6/rotation = Quaternion(0.0309087, 0.00382017, -0.0225011, 0.999262)
bones/9/rotation = Quaternion(0.00258644, 0.0329408, -0.0784772, 0.996368)
bones/10/rotation = Quaternion(0.604462, 0.0537605, 0.784172, -0.129653)
bones/11/rotation = Quaternion(0.0214061, 0.703141, -0.0823569, 0.705941)
bones/12/rotation = Quaternion(0.234065, 0.713036, 0.146524, 0.644456)
bones/25/rotation = Quaternion(0.00813847, 0.0282134, 0.107977, 0.99372)
bones/26/rotation = Quaternion(0.630312, -0.15573, -0.698085, -0.301882)
bones/27/rotation = Quaternion(0.00962716, -0.704417, 0.0706775, 0.706193)
bones/28/rotation = Quaternion(0.137676, -0.653311, -0.122411, 0.734333)
bones/29/rotation = Quaternion(-0.570181, 0.460054, 0.572973, -0.36735)
bones/30/rotation = Quaternion(-0.0069056, 0.217146, 0.0152766, 0.975995)
bones/32/rotation = Quaternion(0.0779039, 0.00533555, 0.220882, 0.97217)
bones/33/rotation = Quaternion(-0.549769, 0.44441, 0.599746, -0.374911)
bones/34/rotation = Quaternion(-0.00689545, 0.00370345, -0.0925018, 0.995682)
bones/36/rotation = Quaternion(-0.107351, -0.684701, -0.160639, 0.702749)
bones/37/rotation = Quaternion(0.159742, 0.308933, -0.838194, 0.420087)
bones/38/rotation = Quaternion(-0.0181021, 0.00377425, -0.111331, 0.993611)
bones/43/rotation = Quaternion(-0.0727251, 0.0122362, 0.994818, -0.0699857)
bones/44/rotation = Quaternion(0.00123075, 0.97965, -0.188676, -0.0684486)
bones/45/rotation = Quaternion(-0.020476, 0.590688, -0.806327, 0.022452)
bones/46/rotation = Quaternion(0.00275925, 4.43034e-09, -9.75847e-08, 0.999996)
bones/48/rotation = Quaternion(0.14027, 0.172905, 0.968706, -0.109716)
bones/49/rotation = Quaternion(-0.0260751, 0.98619, -0.159188, -0.0375381)
bones/50/rotation = Quaternion(-0.0474876, 0.727375, -0.682355, 0.0553372)
bones/51/rotation = Quaternion(-0.0197036, -7.95751e-09, -8.69462e-08, 0.999806)

[node name="Item_WarriorSholderArmor" parent="RigPivot/Rig/GeneralSkeleton" index="0"]
transform = Transform3D(0.311781, 0.883865, -0.348676, -0.946229, 0.322153, -0.029472, 0.086278, 0.339116, 0.936779, 0.223687, 1.34369, -0.0456075)

[node name="Item_WarriorSholderArmor1" parent="RigPivot/Rig/GeneralSkeleton" index="1"]
transform = Transform3D(0.73442, 0.406823, 0.543251, 0.434241, -0.89682, 0.0845492, 0.521595, 0.173807, -0.835302, 0.523297, 0.118493, 0.195665)

[node name="Item_Sword" parent="RigPivot/Rig/GeneralSkeleton" index="2"]
transform = Transform3D(0.962901, -0.191306, -0.190323, 0.216425, 0.968746, 0.121206, 0.161187, -0.1579, 0.974211, 0.0283985, 1.24285, -0.169162)

[node name="Item_SwordHolder" parent="RigPivot/Rig/GeneralSkeleton" index="3"]
transform = Transform3D(0.962901, -0.191306, -0.190323, 0.216425, 0.968746, 0.121206, 0.161187, -0.1579, 0.974211, 0.241461, 0.0115185, 0.189862)

[node name="Item_WaterCanteen" parent="RigPivot/Rig/GeneralSkeleton" index="4"]
transform = Transform3D(0.990913, 0.0790785, -0.108803, -0.0730033, 0.995601, 0.0587368, 0.112969, -0.0502601, 0.992327, -0.201603, 0.912989, 0.00389139)

[node name="Item_WaterBladder_01" parent="RigPivot/Rig/GeneralSkeleton" index="5"]
transform = Transform3D(0.990913, 0.0790785, -0.108803, -0.0730033, 0.995601, 0.0587368, 0.112969, -0.0502601, 0.992327, 0.189172, 0.733662, 0.0358362)

[node name="SM_Prop_SpellBook_03" parent="RigPivot/Rig/GeneralSkeleton" index="6"]
transform = Transform3D(0.189782, 0.957742, -0.216132, -0.894118, 0.0776431, -0.44105, -0.405631, 0.276951, 0.87107, 0.21745, 0.936736, 0.0224725)

[node name="Item_Pouch" parent="RigPivot/Rig/GeneralSkeleton" index="7"]
transform = Transform3D(1.05025, 0.0780258, -0.119311, -0.0773745, 1.057, 0.0101499, 0.119734, -0.00134761, 1.05309, -0.0977426, -0.0903516, 0.0202819)

[node name="SM_Prop_Vials" parent="RigPivot/Rig/GeneralSkeleton" index="8"]
transform = Transform3D(-0.163004, 0.0790785, -0.983451, 0.0626536, 0.995601, 0.0696708, 0.984634, -0.0502602, -0.167241, -0.193516, 0.916219, 0.00914119)

[node name="Item_SwordSheath" parent="RigPivot/Rig/GeneralSkeleton" index="9"]
transform = Transform3D(0.385698, -0.224861, 0.894804, 0.481654, 0.876271, 0.0125904, -0.786922, 0.42613, 0.446281, 0.234911, 0.714403, -0.00637108)

[node name="Item_Dagger" parent="RigPivot/Rig/GeneralSkeleton" index="10"]
transform = Transform3D(0.990913, 0.0790785, -0.108803, -0.0730033, 0.995601, 0.0587368, 0.112969, -0.0502601, 0.992327, 0.204217, 0.841147, 0.0533732)

[node name="Item_CoinBag" parent="RigPivot/Rig/GeneralSkeleton" index="11"]
transform = Transform3D(0.990913, 0.0790785, -0.108803, -0.0730033, 0.995601, 0.0587368, 0.112969, -0.0502601, 0.992327, -0.212435, 0.868046, 0.0105309)

[node name="Character_Female_Druid" parent="RigPivot/Rig/GeneralSkeleton" index="14"]
visible = true

[node name="Character_Male_Peasant_01" parent="RigPivot/Rig/GeneralSkeleton" index="21"]
visible = false

[node name="RightHandAttachment" parent="RigPivot" index="1"]
transform = Transform3D(-0.060301, -0.139373, 0.988402, 0.40872, -0.906836, -0.102936, 0.910666, 0.397773, 0.111648, -0.286984, 0.687493, -0.0984097)

[node name="WeaponSlot" parent="RigPivot/RightHandAttachment" index="0"]
visible = false

[node name="MeleeAttack" parent="." index="6"]
transform = Transform3D(-0.060301, -0.139373, 0.988402, 0.40872, -0.906836, -0.102936, 0.910666, 0.397773, 0.111648, -0.286984, -0.312507, -0.0984097)

[node name="MeleeAttackCollider" parent="MeleeAttack" index="0"]
visible = false

[editable path="RigPivot/Rig"]
