[gd_scene load_steps=22 format=3 uid="uid://rpyfcr6vqlwt"]

[ext_resource type="PackedScene" uid="uid://ccfguhc7e2tg1" path="res://GameObjects/Player.tscn" id="1_q8s8h"]
[ext_resource type="PackedScene" uid="uid://cy5lmq1djweto" path="res://GameObjects/BaseEnemy.tscn" id="2_8bae3"]
[ext_resource type="PackedScene" uid="uid://dq0gvhexaojdi" path="res://GameObjects/DeathVolume.tscn" id="3_wlgfj"]
[ext_resource type="PackedScene" uid="uid://biu2mf8jdcjiw" path="res://GameObjects/Waypoints.tscn" id="4_75pta"]
[ext_resource type="PackedScene" uid="uid://dmmink57j3ajq" path="res://GameObjects/WanderArea.tscn" id="5_0wm0d"]
[ext_resource type="PackedScene" uid="uid://cqduqqf1l6y2x" path="res://GameObjects/InteractionSystem/InteractionArea.tscn" id="6_1pwds"]
[ext_resource type="PackedScene" uid="uid://domdfdy8roctp" path="res://GameObjects/InteractionSystem/InteractionActionBase.tscn" id="7_o57ov"]
[ext_resource type="Script" uid="uid://bjr66o4ws0k5o" path="res://Scripts/InteractionSystem/Actions/SwitchNodeMaterialAction.cs" id="8_o57ov"]
[ext_resource type="Script" uid="uid://cex112bf8flyp" path="res://Scripts/InteractionSystem/Actions/ToggleNodeAction.cs" id="9_0bvpo"]

[sub_resource type="ProceduralSkyMaterial" id="ProceduralSkyMaterial_sxrdn"]
sky_horizon_color = Color(0.64625, 0.65575, 0.67075, 1)
ground_horizon_color = Color(0.64625, 0.65575, 0.67075, 1)

[sub_resource type="Sky" id="Sky_y375i"]
sky_material = SubResource("ProceduralSkyMaterial_sxrdn")

[sub_resource type="Environment" id="Environment_yii7y"]
background_mode = 2
sky = SubResource("Sky_y375i")
tonemap_mode = 2
ssr_enabled = true
ssao_enabled = true
ssao_power = 1.26134
ssil_enabled = true
sdfgi_enabled = true
sdfgi_use_occlusion = true
glow_enabled = true

[sub_resource type="NavigationMesh" id="NavigationMesh_wlgfj"]
vertices = PackedVector3Array(0.5, 0.75, -13, 5.5, 1.25, -13, 5.5, 1.25, -15.25, 0.5, 0.75, -15.25, 1.75, 1.25, -13, 1.75, 1.25, -15.25, 4, 0.5, 0.25, 4.25, 0.5, -1, 0.5, 0.5, -12, -24, 0.5, -23.75, -24, 0.5, 0.25, 0.75, 0.5, -16.25, 0.75, 0.5, -23.75, 10, 0.5, -9.25, 10, 0.5, -12, 5.75, 0.5, -1, 14.75, 0.5, -16.25, 14.75, 0.5, -23.75, 15.25, 0.5, -16, 24, 0.5, -14.75, 24, 0.5, -23.75, 15.25, 0.5, -14.5, 7.75, 0.5, -15, 7.75, 0.5, -13.25, 14, 0.5, -13.75, 14, 0.5, -15, 15.25, 0.5, -10.5, 24, 0.5, -10.25, 10.25, 0.5, -8.75, 6.25, 0.5, -0.75, 15, 0.5, -8.75, 6.25, 0.5, 0.75, 5, 0.5, 24, 24, 0.5, 24, 5, 0.5, 1.25, 4, 0.5, 1, -24, 0.5, 24)
polygons = [PackedInt32Array(3, 5, 0), PackedInt32Array(0, 5, 4), PackedInt32Array(4, 5, 2), PackedInt32Array(4, 2, 1), PackedInt32Array(7, 6, 8), PackedInt32Array(8, 6, 10), PackedInt32Array(8, 10, 9), PackedInt32Array(11, 3, 12), PackedInt32Array(12, 3, 9), PackedInt32Array(15, 7, 13), PackedInt32Array(13, 7, 14), PackedInt32Array(14, 7, 8), PackedInt32Array(9, 3, 0), PackedInt32Array(9, 0, 8), PackedInt32Array(12, 17, 11), PackedInt32Array(11, 17, 16), PackedInt32Array(16, 17, 18), PackedInt32Array(18, 17, 20), PackedInt32Array(18, 20, 19), PackedInt32Array(19, 21, 18), PackedInt32Array(25, 24, 22), PackedInt32Array(22, 24, 23), PackedInt32Array(21, 19, 26), PackedInt32Array(26, 19, 27), PackedInt32Array(29, 15, 28), PackedInt32Array(28, 15, 13), PackedInt32Array(30, 27, 31), PackedInt32Array(31, 27, 32), PackedInt32Array(32, 27, 33), PackedInt32Array(30, 26, 27), PackedInt32Array(29, 28, 31), PackedInt32Array(31, 28, 30), PackedInt32Array(32, 34, 31), PackedInt32Array(34, 32, 35), PackedInt32Array(35, 32, 36), PackedInt32Array(35, 36, 10), PackedInt32Array(10, 6, 35)]
geometry_parsed_geometry_type = 1
geometry_collision_mask = 4294967281
filter_baking_aabb = AABB(-25, 0, -25, 50, 1, 50)

[sub_resource type="StandardMaterial3D" id="StandardMaterial3D_d1ftt"]
albedo_color = Color(0.45, 0.275625, 0.0315, 1)

[sub_resource type="StandardMaterial3D" id="StandardMaterial3D_23j2p"]
albedo_color = Color(0, 1, 0.0666666, 1)

[sub_resource type="BoxShape3D" id="BoxShape3D_wlgfj"]
resource_local_to_scene = true
size = Vector3(10, 5, 10)

[sub_resource type="SphereMesh" id="SphereMesh_80lkt"]
radius = 0.25
height = 0.5

[sub_resource type="BoxShape3D" id="BoxShape3D_0wm0d"]
size = Vector3(18, 1, 10)

[sub_resource type="BoxShape3D" id="BoxShape3D_jfdgv"]
size = Vector3(1.94141, 1.57898, 2.57214)

[sub_resource type="ORMMaterial3D" id="ORMMaterial3D_jfdgv"]
albedo_color = Color(1, 0, 0, 1)

[sub_resource type="BoxMesh" id="BoxMesh_cw5wf"]
material = SubResource("ORMMaterial3D_jfdgv")
size = Vector3(1, 3, 3)

[node name="Node3D" type="Node3D"]

[node name="WorldEnvironment" type="WorldEnvironment" parent="."]
environment = SubResource("Environment_yii7y")

[node name="DirectionalLight3D" type="DirectionalLight3D" parent="."]
transform = Transform3D(-0.866025, -0.433013, 0.25, 0, 0.5, 0.866025, -0.5, 0.75, -0.433013, 0, 0, 0)
shadow_enabled = true
shadow_normal_bias = 10.0
shadow_blur = 0.0
directional_shadow_blend_splits = true
directional_shadow_fade_start = 0.1
directional_shadow_max_distance = 20.0

[node name="TestArea" type="NavigationRegion3D" parent="."]
navigation_mesh = SubResource("NavigationMesh_wlgfj")

[node name="Ground" type="CSGBox3D" parent="TestArea"]
gi_mode = 2
use_collision = true
size = Vector3(50, 0.25, 50)
material = SubResource("StandardMaterial3D_d1ftt")

[node name="CSGBox3D" type="CSGBox3D" parent="TestArea"]
transform = Transform3D(1, 0, 0, 0, 1, 0, 0, 0, 1, 0, 5, -25)
use_collision = true
size = Vector3(50, 10, 1)

[node name="CSGBox3D2" type="CSGBox3D" parent="TestArea"]
transform = Transform3D(1, 0, 0, 0, 1, 0, 0, 0, 1, 0, 5, 25)
use_collision = true
size = Vector3(50, 10, 1)

[node name="CSGBox3D3" type="CSGBox3D" parent="TestArea"]
transform = Transform3D(-4.37114e-08, 0, 1, 0, 1, 0, -1, 0, -4.37114e-08, 25, 5, 0)
use_collision = true
size = Vector3(50, 10, 1)

[node name="CSGBox3D4" type="CSGBox3D" parent="TestArea"]
transform = Transform3D(-4.37114e-08, 0, 1, 0, 1, 0, -1, 0, -4.37114e-08, -25, 5, 0)
use_collision = true
size = Vector3(50, 10, 1)

[node name="ScaleBox" type="CSGBox3D" parent="TestArea"]
transform = Transform3D(1, 0, 0, 0, 1, 0, 0, 0, 1, 5.31723, 0.606116, 0)
use_collision = true
material = SubResource("StandardMaterial3D_23j2p")

[node name="Node3D" type="Node3D" parent="TestArea"]

[node name="CSGBox3D" type="CSGBox3D" parent="TestArea/Node3D"]
transform = Transform3D(0.965926, -0.258819, 0, 0.258819, 0.965926, 0, 0, 0, 1, 1.01581, 0.0406982, -14.2384)
use_collision = true
collision_layer = 13
size = Vector3(2.75671, 0.905762, 3)

[node name="CSGBox3D2" type="CSGBox3D" parent="TestArea/Node3D"]
transform = Transform3D(1, 2.98023e-08, 0, -2.98023e-08, 1, 0, 0, 0, 1, 3.99927, 0.372286, -14.2384)
use_collision = true
collision_layer = 13
size = Vector3(3.53021, 0.905762, 3)

[node name="CSGBox3D3" type="CSGBox3D" parent="TestArea/Node3D"]
transform = Transform3D(1, 2.98023e-08, 0, -2.98023e-08, 1, 0, 0, 0, 1, 10.9253, 0.734774, -14.2384)
use_collision = true
collision_layer = 13
size = Vector3(7.52429, 1.63074, 3)

[node name="CSGBox3D4" type="CSGBox3D" parent="TestArea/Node3D"]
transform = Transform3D(-4.37114e-08, -1.3027e-15, -1, -2.98023e-08, 1, 0, 1, 2.98023e-08, -4.37114e-08, 12.7135, 0.734774, -12.5052)
use_collision = true
collision_layer = 13
size = Vector3(1, 1.63074, 4)

[node name="CSGBox3D6" type="CSGBox3D" parent="TestArea/Node3D"]
transform = Transform3D(-4.37114e-08, -1.3027e-15, -1, -2.98023e-08, 1, 0, 1, 2.98023e-08, -4.37114e-08, 12.7135, 2.63412, -4.04154)
use_collision = true
collision_layer = 13
size = Vector3(7.8543, 1.63074, 4)

[node name="CSGBox3D5" type="CSGBox3D" parent="TestArea/Node3D"]
transform = Transform3D(-4.37114e-08, -1.06471e-15, -1, 0.424452, 0.90545, -1.85534e-08, 0.90545, -0.424452, -3.95785e-08, 12.7135, 1.76687, -9.64943)
use_collision = true
collision_layer = 13
size = Vector3(4.46465, 1.63074, 4)

[node name="Player" parent="." instance=ExtResource("1_q8s8h")]
transform = Transform3D(1, 0, 0, 0, 1, 0, 0, 0, 1, 0, 0.25, 0)

[node name="Enemies" type="Node3D" parent="."]

[node name="Enemy" parent="Enemies" instance=ExtResource("2_8bae3")]
transform = Transform3D(1, 0, 0, 0, 1, 0, 0, 0, 1, -15.9797, 1.15, 4.08789)

[node name="MeleeAttack" parent="Enemies/Enemy/Abilities" index="0"]
damageAmount = 0
abilityDuration = 0.0

[node name="StateMachine" parent="Enemies/Enemy" index="1" node_paths=PackedStringArray("PatrolPath")]
PatrolPath = NodePath("../../../Waypoints")

[node name="GeneralSkeleton" parent="Enemies/Enemy/RigPivot/Rig" index="0"]
bones/0/position = Vector3(-0.0756514, -0.0236745, 0.0705439)
bones/0/rotation = Quaternion(-0.0282688, -0.0556825, -0.0384428, 0.997308)
bones/2/rotation = Quaternion(-0.0199794, -0.0114287, 0.0395898, 0.998951)
bones/3/rotation = Quaternion(-0.00511529, -0.0179574, 0.0526125, 0.998441)
bones/4/rotation = Quaternion(-0.00458334, -0.0163356, 0.0531725, 0.998441)
bones/5/rotation = Quaternion(0.0337223, 0.00451903, -0.0229048, 0.999159)
bones/6/rotation = Quaternion(0.0337218, 0.00451836, -0.0229056, 0.999159)
bones/9/rotation = Quaternion(0.00310648, 0.0279295, -0.0828085, 0.996169)
bones/10/rotation = Quaternion(0.602992, 0.0557993, 0.785021, -0.130497)
bones/11/rotation = Quaternion(0.0214067, 0.703141, -0.0823575, 0.705941)
bones/12/rotation = Quaternion(0.229241, 0.720989, 0.153952, 0.635549)
bones/13/rotation = Quaternion(0.362052, 0.521091, -0.460872, -0.620467)
bones/14/rotation = Quaternion(-0.0733182, 0.186071, 0.0405881, 0.978956)
bones/16/rotation = Quaternion(0.0654328, -0.00433365, -0.217917, 0.973762)
bones/17/rotation = Quaternion(-0.336185, -0.621662, 0.407263, 0.578492)
bones/18/rotation = Quaternion(-0.00685528, 0.00554012, -0.142162, 0.989804)
bones/20/rotation = Quaternion(-0.10052, 0.680664, 0.167109, 0.706164)
bones/21/rotation = Quaternion(0.42953, 0.833552, 0.306887, -0.162835)
bones/22/rotation = Quaternion(-0.0179231, 0.00640528, -0.195053, 0.980608)
bones/25/rotation = Quaternion(0.0086871, 0.0331845, 0.111135, 0.993213)
bones/26/rotation = Quaternion(0.628717, -0.158722, -0.699415, -0.300567)
bones/27/rotation = Quaternion(0.00891286, -0.704488, 0.0699687, 0.706202)
bones/28/rotation = Quaternion(0.140225, -0.652371, -0.123501, 0.734504)
bones/29/rotation = Quaternion(-0.569638, 0.461774, 0.57264, -0.366552)
bones/30/rotation = Quaternion(-0.011196, 0.220256, 0.0116672, 0.975308)
bones/32/rotation = Quaternion(0.077143, 0.00530506, 0.22038, 0.972344)
bones/33/rotation = Quaternion(-0.551687, 0.442078, 0.601218, -0.372485)
bones/34/rotation = Quaternion(-0.00689551, 0.00369933, -0.092399, 0.995691)
bones/36/rotation = Quaternion(-0.108033, -0.685089, -0.160015, 0.702408)
bones/37/rotation = Quaternion(0.158358, 0.309707, -0.840136, 0.416143)
bones/38/rotation = Quaternion(-0.0180678, 0.00428114, -0.126291, 0.99182)
bones/43/rotation = Quaternion(-0.0722888, 0.0115092, 0.994826, -0.0704534)
bones/44/rotation = Quaternion(0.00151972, 0.979647, -0.188519, -0.0689169)
bones/45/rotation = Quaternion(-0.0203334, 0.590837, -0.806226, 0.0223107)
bones/46/rotation = Quaternion(0.00275882, 4.57202e-09, -9.80097e-08, 0.999996)
bones/48/rotation = Quaternion(0.140404, 0.172311, 0.968765, -0.109953)
bones/49/rotation = Quaternion(-0.0261682, 0.986191, -0.159122, -0.0377217)
bones/50/rotation = Quaternion(-0.0474856, 0.727475, -0.682251, 0.0553042)
bones/51/rotation = Quaternion(-0.0197004, -6.61222e-09, -8.64978e-08, 0.999806)
bones/55/rotation = Quaternion(0.227152, 0.131925, -0.615502, 0.743071)

[node name="Item_WarriorSholderArmor" parent="Enemies/Enemy/RigPivot/Rig/GeneralSkeleton" index="0"]
transform = Transform3D(0.314879, 0.874477, -0.368972, -0.945327, 0.323721, -0.0395064, 0.0848968, 0.361239, 0.9286, 0.223121, 1.34471, -0.0416423)

[node name="Item_WarriorSholderArmor1" parent="Enemies/Enemy/RigPivot/Rig/GeneralSkeleton" index="1"]
transform = Transform3D(0.730083, 0.418937, 0.539879, 0.441617, -0.89215, 0.0950904, 0.521491, 0.168996, -0.836354, 0.538857, 0.124905, 0.188292)

[node name="Item_Sword" parent="Enemies/Enemy/RigPivot/Rig/GeneralSkeleton" index="2"]
transform = Transform3D(0.959783, -0.198117, -0.198914, 0.223204, 0.968244, 0.112618, 0.170286, -0.152487, 0.973525, 0.0293644, 1.24403, -0.169504)

[node name="Item_SwordHolder" parent="Enemies/Enemy/RigPivot/Rig/GeneralSkeleton" index="3"]
transform = Transform3D(0.959783, -0.198117, -0.198914, 0.223204, 0.968244, 0.112618, 0.170286, -0.152487, 0.973525, 0.249851, 0.0119466, 0.182394)

[node name="Item_WaterCanteen" parent="Enemies/Enemy/RigPivot/Rig/GeneralSkeleton" index="4"]
transform = Transform3D(0.990843, 0.0798268, -0.108892, -0.0735305, 0.995446, 0.0606666, 0.113239, -0.0521042, 0.992201, -0.201492, 0.913126, 0.0036786)

[node name="Item_WaterBladder_01" parent="Enemies/Enemy/RigPivot/Rig/GeneralSkeleton" index="5"]
transform = Transform3D(0.990843, 0.0798268, -0.108892, -0.0735305, 0.995446, 0.0606666, 0.113239, -0.0521042, 0.992201, 0.189145, 0.733567, 0.03601)

[node name="SM_Prop_SpellBook_03" parent="Enemies/Enemy/RigPivot/Rig/GeneralSkeleton" index="6"]
transform = Transform3D(0.189169, 0.957763, -0.216577, -0.895013, 0.0774457, -0.439265, -0.403939, 0.276934, 0.871861, 0.217576, 0.936595, 0.0222718)

[node name="Item_Pouch" parent="Enemies/Enemy/RigPivot/Rig/GeneralSkeleton" index="7"]
transform = Transform3D(1.05017, 0.0788133, -0.119443, -0.0779334, 1.05694, 0.0122008, 0.120019, -0.00330637, 1.05306, -0.0983817, -0.0902594, 0.0219524)

[node name="SM_Prop_Vials" parent="Enemies/Enemy/RigPivot/Rig/GeneralSkeleton" index="8"]
transform = Transform3D(-0.163088, 0.0798268, -0.983377, 0.0646094, 0.995446, 0.0700914, 0.984494, -0.0521043, -0.167503, -0.193404, 0.91636, 0.00892346)

[node name="Item_SwordSheath" parent="Enemies/Enemy/RigPivot/Rig/GeneralSkeleton" index="9"]
transform = Transform3D(0.386162, -0.224265, 0.894754, 0.479899, 0.877231, 0.0127556, -0.787766, 0.424466, 0.446377, 0.234875, 0.714196, -0.00615518)

[node name="Item_Dagger" parent="Enemies/Enemy/RigPivot/Rig/GeneralSkeleton" index="10"]
transform = Transform3D(0.990843, 0.0798268, -0.108892, -0.0735305, 0.995446, 0.0606666, 0.113239, -0.0521042, 0.992201, 0.204268, 0.841074, 0.0533487)

[node name="Item_CoinBag" parent="Enemies/Enemy/RigPivot/Rig/GeneralSkeleton" index="11"]
transform = Transform3D(0.990843, 0.0798268, -0.108892, -0.0735305, 0.995446, 0.0606666, 0.113239, -0.0521042, 0.992201, -0.212359, 0.868204, 0.0104003)

[node name="RightHandAttachment" parent="Enemies/Enemy/RigPivot" index="1"]
transform = Transform3D(-0.0604187, -0.126166, 0.990167, 0.413082, -0.906209, -0.0902622, 0.908687, 0.403567, 0.106869, -0.281311, 0.684679, -0.0977461)

[node name="MeleeAttack" parent="Enemies/Enemy" index="6"]
transform = Transform3D(-0.0604187, -0.126166, 0.990167, 0.413082, -0.906209, -0.0902622, 0.908687, 0.403567, 0.106869, -0.281311, -0.315321, -0.0977461)

[node name="Enemy2" parent="Enemies" instance=ExtResource("2_8bae3")]
transform = Transform3D(1, 0, 0, 0, 1, 0, 0, 0, 1, -4.83837, 1.15, 14.0983)

[node name="Enemy3" parent="Enemies" instance=ExtResource("2_8bae3")]
transform = Transform3D(1, 0, 0, 0, 1, 0, 0, 0, 1, 7.19112, 1.15, 19.2467)

[node name="MeleeAttack" parent="Enemies/Enemy3/Abilities" index="0"]
damageAmount = 0
abilityDuration = 0.0

[node name="StateMachine" parent="Enemies/Enemy3" index="1" node_paths=PackedStringArray("WanderArea")]
WanderArea = NodePath("../../../WanderArea")

[node name="GeneralSkeleton" parent="Enemies/Enemy3/RigPivot/Rig" index="0"]
bones/0/position = Vector3(-0.0756514, -0.0236745, 0.0705439)
bones/0/rotation = Quaternion(-0.0282688, -0.0556825, -0.0384428, 0.997308)
bones/2/rotation = Quaternion(-0.0199794, -0.0114287, 0.0395898, 0.998951)
bones/3/rotation = Quaternion(-0.00511529, -0.0179574, 0.0526125, 0.998441)
bones/4/rotation = Quaternion(-0.00458334, -0.0163356, 0.0531725, 0.998441)
bones/5/rotation = Quaternion(0.0337223, 0.00451903, -0.0229048, 0.999159)
bones/6/rotation = Quaternion(0.0337218, 0.00451836, -0.0229056, 0.999159)
bones/9/rotation = Quaternion(0.00310648, 0.0279295, -0.0828085, 0.996169)
bones/10/rotation = Quaternion(0.602992, 0.0557993, 0.785021, -0.130497)
bones/11/rotation = Quaternion(0.0214067, 0.703141, -0.0823575, 0.705941)
bones/12/rotation = Quaternion(0.229241, 0.720989, 0.153952, 0.635549)
bones/13/rotation = Quaternion(0.362052, 0.521091, -0.460872, -0.620467)
bones/14/rotation = Quaternion(-0.0733182, 0.186071, 0.0405881, 0.978956)
bones/16/rotation = Quaternion(0.0654328, -0.00433365, -0.217917, 0.973762)
bones/17/rotation = Quaternion(-0.336185, -0.621662, 0.407263, 0.578492)
bones/18/rotation = Quaternion(-0.00685528, 0.00554012, -0.142162, 0.989804)
bones/20/rotation = Quaternion(-0.10052, 0.680664, 0.167109, 0.706164)
bones/21/rotation = Quaternion(0.42953, 0.833552, 0.306887, -0.162835)
bones/22/rotation = Quaternion(-0.0179231, 0.00640528, -0.195053, 0.980608)
bones/25/rotation = Quaternion(0.0086871, 0.0331845, 0.111135, 0.993213)
bones/26/rotation = Quaternion(0.628717, -0.158722, -0.699415, -0.300567)
bones/27/rotation = Quaternion(0.00891286, -0.704488, 0.0699687, 0.706202)
bones/28/rotation = Quaternion(0.140225, -0.652371, -0.123501, 0.734504)
bones/29/rotation = Quaternion(-0.569638, 0.461774, 0.57264, -0.366552)
bones/30/rotation = Quaternion(-0.011196, 0.220256, 0.0116672, 0.975308)
bones/32/rotation = Quaternion(0.077143, 0.00530506, 0.22038, 0.972344)
bones/33/rotation = Quaternion(-0.551687, 0.442078, 0.601218, -0.372485)
bones/34/rotation = Quaternion(-0.00689551, 0.00369933, -0.092399, 0.995691)
bones/36/rotation = Quaternion(-0.108033, -0.685089, -0.160015, 0.702408)
bones/37/rotation = Quaternion(0.158358, 0.309707, -0.840136, 0.416143)
bones/38/rotation = Quaternion(-0.0180678, 0.00428114, -0.126291, 0.99182)
bones/43/rotation = Quaternion(-0.0722888, 0.0115092, 0.994826, -0.0704534)
bones/44/rotation = Quaternion(0.00151972, 0.979647, -0.188519, -0.0689169)
bones/45/rotation = Quaternion(-0.0203334, 0.590837, -0.806226, 0.0223107)
bones/46/rotation = Quaternion(0.00275882, 4.57202e-09, -9.80097e-08, 0.999996)
bones/48/rotation = Quaternion(0.140404, 0.172311, 0.968765, -0.109953)
bones/49/rotation = Quaternion(-0.0261682, 0.986191, -0.159122, -0.0377217)
bones/50/rotation = Quaternion(-0.0474856, 0.727475, -0.682251, 0.0553042)
bones/51/rotation = Quaternion(-0.0197004, -6.61222e-09, -8.64978e-08, 0.999806)
bones/55/rotation = Quaternion(0.227152, 0.131925, -0.615502, 0.743071)

[node name="Item_WarriorSholderArmor" parent="Enemies/Enemy3/RigPivot/Rig/GeneralSkeleton" index="0"]
transform = Transform3D(0.314879, 0.874477, -0.368972, -0.945327, 0.323721, -0.0395064, 0.0848968, 0.361239, 0.9286, 0.223121, 1.34471, -0.0416423)

[node name="Item_WarriorSholderArmor1" parent="Enemies/Enemy3/RigPivot/Rig/GeneralSkeleton" index="1"]
transform = Transform3D(0.730083, 0.418937, 0.539879, 0.441617, -0.89215, 0.0950904, 0.521491, 0.168996, -0.836354, 0.538857, 0.124905, 0.188292)

[node name="Item_Sword" parent="Enemies/Enemy3/RigPivot/Rig/GeneralSkeleton" index="2"]
transform = Transform3D(0.959783, -0.198117, -0.198914, 0.223204, 0.968244, 0.112618, 0.170286, -0.152487, 0.973525, 0.0293644, 1.24403, -0.169504)

[node name="Item_SwordHolder" parent="Enemies/Enemy3/RigPivot/Rig/GeneralSkeleton" index="3"]
transform = Transform3D(0.959783, -0.198117, -0.198914, 0.223204, 0.968244, 0.112618, 0.170286, -0.152487, 0.973525, 0.249851, 0.0119466, 0.182394)

[node name="Item_WaterCanteen" parent="Enemies/Enemy3/RigPivot/Rig/GeneralSkeleton" index="4"]
transform = Transform3D(0.990843, 0.0798268, -0.108892, -0.0735305, 0.995446, 0.0606666, 0.113239, -0.0521042, 0.992201, -0.201492, 0.913126, 0.0036786)

[node name="Item_WaterBladder_01" parent="Enemies/Enemy3/RigPivot/Rig/GeneralSkeleton" index="5"]
transform = Transform3D(0.990843, 0.0798268, -0.108892, -0.0735305, 0.995446, 0.0606666, 0.113239, -0.0521042, 0.992201, 0.189145, 0.733567, 0.03601)

[node name="SM_Prop_SpellBook_03" parent="Enemies/Enemy3/RigPivot/Rig/GeneralSkeleton" index="6"]
transform = Transform3D(0.189169, 0.957763, -0.216577, -0.895013, 0.0774457, -0.439265, -0.403939, 0.276934, 0.871861, 0.217576, 0.936595, 0.0222718)

[node name="Item_Pouch" parent="Enemies/Enemy3/RigPivot/Rig/GeneralSkeleton" index="7"]
transform = Transform3D(1.05017, 0.0788133, -0.119443, -0.0779334, 1.05694, 0.0122008, 0.120019, -0.00330637, 1.05306, -0.0983817, -0.0902594, 0.0219524)

[node name="SM_Prop_Vials" parent="Enemies/Enemy3/RigPivot/Rig/GeneralSkeleton" index="8"]
transform = Transform3D(-0.163088, 0.0798268, -0.983377, 0.0646094, 0.995446, 0.0700914, 0.984494, -0.0521043, -0.167503, -0.193404, 0.91636, 0.00892346)

[node name="Item_SwordSheath" parent="Enemies/Enemy3/RigPivot/Rig/GeneralSkeleton" index="9"]
transform = Transform3D(0.386162, -0.224265, 0.894754, 0.479899, 0.877231, 0.0127556, -0.787766, 0.424466, 0.446377, 0.234875, 0.714196, -0.00615518)

[node name="Item_Dagger" parent="Enemies/Enemy3/RigPivot/Rig/GeneralSkeleton" index="10"]
transform = Transform3D(0.990843, 0.0798268, -0.108892, -0.0735305, 0.995446, 0.0606666, 0.113239, -0.0521042, 0.992201, 0.204268, 0.841074, 0.0533487)

[node name="Item_CoinBag" parent="Enemies/Enemy3/RigPivot/Rig/GeneralSkeleton" index="11"]
transform = Transform3D(0.990843, 0.0798268, -0.108892, -0.0735305, 0.995446, 0.0606666, 0.113239, -0.0521042, 0.992201, -0.212359, 0.868204, 0.0104003)

[node name="RightHandAttachment" parent="Enemies/Enemy3/RigPivot" index="1"]
transform = Transform3D(-0.0604187, -0.126166, 0.990167, 0.413082, -0.906209, -0.0902622, 0.908687, 0.403567, 0.106869, -0.281312, 0.684679, -0.0977459)

[node name="MeleeAttack" parent="Enemies/Enemy3" index="6"]
transform = Transform3D(-0.0604187, -0.126166, 0.990167, 0.413082, -0.906209, -0.0902622, 0.908687, 0.403567, 0.106869, -0.281312, -0.315321, -0.0977459)

[node name="Enemy4" parent="Enemies" instance=ExtResource("2_8bae3")]
transform = Transform3D(1, 0, 0, 0, 1, 0, 0, 0, 1, 10.9305, 1.15, 6.2938)

[node name="DeathVolume" parent="." instance=ExtResource("3_wlgfj")]
transform = Transform3D(1, 0, 0, 0, 1, 0, 0, 0, 1, 19.7564, 2.59898, -5.08708)

[node name="CollisionShape3D" parent="DeathVolume" index="0"]
shape = SubResource("BoxShape3D_wlgfj")

[node name="Waypoints" parent="." instance=ExtResource("4_75pta")]
transform = Transform3D(1, 0, 0, 0, 1, 0, 0, 0, 1, -15.2026, 0.625001, 11.04)

[node name="Waypoint" parent="Waypoints" index="0"]
mesh = SubResource("SphereMesh_80lkt")

[node name="Waypoint2" type="MeshInstance3D" parent="Waypoints"]
transform = Transform3D(1, 0, 0, 0, 1, 0, 0, 0, 1, 0, 0, -15.3865)
layers = 2
cast_shadow = 0
gi_mode = 0
mesh = SubResource("SphereMesh_80lkt")

[node name="Waypoint3" type="MeshInstance3D" parent="Waypoints"]
transform = Transform3D(1, 0, 0, 0, 1, 0, 0, 0, 1, -7.49357, 0, -6.55849)
layers = 2
cast_shadow = 0
gi_mode = 0
mesh = SubResource("SphereMesh_80lkt")

[node name="WanderArea" parent="." instance=ExtResource("5_0wm0d")]
transform = Transform3D(1, 0, 0, 0, 1, 0, 0, 0, 1, 6.71637, 0, 19.234)
collision_layer = 0
collision_mask = 0
monitoring = false
monitorable = false

[node name="CollisionShape3D" parent="WanderArea" index="0"]
transform = Transform3D(1, 0, 0, 0, 1, 0, 0, 0, 1, 0, 1, 0)
shape = SubResource("BoxShape3D_0wm0d")
debug_color = Color(1, 0.22, 0.584, 1)

[node name="InteractionArea" parent="." node_paths=PackedStringArray("Actions") instance=ExtResource("6_1pwds")]
transform = Transform3D(1, 0, 0, 0, 1, 0, 0, 0, 1, 3.37017, 0.885953, -9.73553)
InteractOn = 1
Actions = [NodePath("InteractionActionBase"), NodePath("InteractionActionBase2")]

[node name="CollisionShape3D" parent="InteractionArea" index="0"]
transform = Transform3D(1, 0, 0, 0, 1, 0, 0, 0, 1, -0.470703, -0.0480056, -0.407699)
shape = SubResource("BoxShape3D_jfdgv")
debug_color = Color(0.6864, 0.352, 0.88, 0.729412)

[node name="InteractionActionBase" parent="InteractionArea" node_paths=PackedStringArray("meshes") instance=ExtResource("7_o57ov")]
script = ExtResource("8_o57ov")
meshes = [NodePath("../../MeshInstance3D")]
colors = PackedColorArray(1, 0, 0, 1, 0.15, 1, 0, 1)
IsOneShot = true

[node name="InteractionActionBase2" parent="InteractionArea" node_paths=PackedStringArray("nodesToToggle") instance=ExtResource("7_o57ov")]
script = ExtResource("9_0bvpo")
nodesToToggle = [NodePath("../../MeshInstance3D")]
IsOneShot = true
ActionStartDelay = 1.0

[node name="MeshInstance3D" type="MeshInstance3D" parent="."]
transform = Transform3D(1, 0, 0, 0, 1, 0, 0, 0, 1, 5.25497, 2.33144, -14.234)
mesh = SubResource("BoxMesh_cw5wf")

[editable path="Enemies/Enemy"]
[editable path="Enemies/Enemy/RigPivot/Rig"]
[editable path="Enemies/Enemy/MeleeAttack/Damager"]
[editable path="Enemies/Enemy3"]
[editable path="Enemies/Enemy3/RigPivot/Rig"]
[editable path="Enemies/Enemy3/MeleeAttack/Damager"]
[editable path="DeathVolume"]
[editable path="Waypoints"]
[editable path="WanderArea"]
[editable path="InteractionArea"]
