[gd_scene load_steps=15 format=3 uid="uid://rpyfcr6vqlwt"]

[ext_resource type="PackedScene" uid="uid://ccfguhc7e2tg1" path="res://GameObjects/Player.tscn" id="1_q8s8h"]
[ext_resource type="PackedScene" uid="uid://cy5lmq1djweto" path="res://GameObjects/BaseEnemy.tscn" id="2_8bae3"]
[ext_resource type="PackedScene" uid="uid://dq0gvhexaojdi" path="res://GameObjects/DeathVolume.tscn" id="3_wlgfj"]
[ext_resource type="PackedScene" uid="uid://biu2mf8jdcjiw" path="res://GameObjects/Waypoints.tscn" id="4_75pta"]
[ext_resource type="PackedScene" uid="uid://dmmink57j3ajq" path="res://GameObjects/WanderArea.tscn" id="5_0wm0d"]

[sub_resource type="ProceduralSkyMaterial" id="ProceduralSkyMaterial_sxrdn"]
sky_horizon_color = Color(0.64625, 0.65575, 0.67075, 1)
ground_horizon_color = Color(0.64625, 0.65575, 0.67075, 1)

[sub_resource type="Sky" id="Sky_y375i"]
sky_material = SubResource("ProceduralSkyMaterial_sxrdn")

[sub_resource type="Environment" id="Environment_yii7y"]
background_mode = 2
sky = SubResource("Sky_y375i")
tonemap_mode = 2
ssr_enabled = true
ssao_enabled = true
ssao_power = 1.26134
ssil_enabled = true
sdfgi_enabled = true
sdfgi_use_occlusion = true
glow_enabled = true

[sub_resource type="NavigationMesh" id="NavigationMesh_wlgfj"]
vertices = PackedVector3Array(0.5, 0.75, -13, 5.5, 1.25, -13, 5.5, 1.25, -15.25, 0.5, 0.75, -15.25, 1.75, 1.25, -13, 1.75, 1.25, -15.25, 4, 0.5, 0.25, 4.25, 0.5, -1, 0.5, 0.5, -12, -24, 0.5, -23.75, -24, 0.5, 0.25, 0.75, 0.5, -16.25, 0.75, 0.5, -23.75, 10, 0.5, -9.25, 10, 0.5, -12, 5.75, 0.5, -1, 14.75, 0.5, -16.25, 14.75, 0.5, -23.75, 15.25, 0.5, -16, 24, 0.5, -14.75, 24, 0.5, -23.75, 15.25, 0.5, -14.5, 7.75, 0.5, -15, 7.75, 0.5, -13.25, 14, 0.5, -13.75, 14, 0.5, -15, 15.25, 0.5, -10.5, 24, 0.5, -10.25, 10.25, 0.5, -8.75, 6.25, 0.5, -0.75, 15, 0.5, -8.75, 6.25, 0.5, 0.75, 5, 0.5, 24, 24, 0.5, 24, 5, 0.5, 1.25, 4, 0.5, 1, -24, 0.5, 24)
polygons = [PackedInt32Array(3, 5, 0), PackedInt32Array(0, 5, 4), PackedInt32Array(4, 5, 2), PackedInt32Array(4, 2, 1), PackedInt32Array(7, 6, 8), PackedInt32Array(8, 6, 10), PackedInt32Array(8, 10, 9), PackedInt32Array(11, 3, 12), PackedInt32Array(12, 3, 9), PackedInt32Array(15, 7, 13), PackedInt32Array(13, 7, 14), PackedInt32Array(14, 7, 8), PackedInt32Array(9, 3, 0), PackedInt32Array(9, 0, 8), PackedInt32Array(12, 17, 11), PackedInt32Array(11, 17, 16), PackedInt32Array(16, 17, 18), PackedInt32Array(18, 17, 20), PackedInt32Array(18, 20, 19), PackedInt32Array(19, 21, 18), PackedInt32Array(25, 24, 22), PackedInt32Array(22, 24, 23), PackedInt32Array(21, 19, 26), PackedInt32Array(26, 19, 27), PackedInt32Array(29, 15, 28), PackedInt32Array(28, 15, 13), PackedInt32Array(30, 27, 31), PackedInt32Array(31, 27, 32), PackedInt32Array(32, 27, 33), PackedInt32Array(30, 26, 27), PackedInt32Array(29, 28, 31), PackedInt32Array(31, 28, 30), PackedInt32Array(32, 34, 31), PackedInt32Array(34, 32, 35), PackedInt32Array(35, 32, 36), PackedInt32Array(35, 36, 10), PackedInt32Array(10, 6, 35)]
geometry_parsed_geometry_type = 1
geometry_collision_mask = 4294967281
filter_baking_aabb = AABB(-25, 0, -25, 50, 1, 50)

[sub_resource type="StandardMaterial3D" id="StandardMaterial3D_d1ftt"]
albedo_color = Color(0.45, 0.275625, 0.0315, 1)

[sub_resource type="StandardMaterial3D" id="StandardMaterial3D_23j2p"]
albedo_color = Color(0, 1, 0.0666666, 1)

[sub_resource type="BoxShape3D" id="BoxShape3D_wlgfj"]
resource_local_to_scene = true
size = Vector3(10, 5, 10)

[sub_resource type="SphereMesh" id="SphereMesh_80lkt"]
radius = 0.25
height = 0.5

[sub_resource type="BoxShape3D" id="BoxShape3D_0wm0d"]
size = Vector3(18, 1, 10)

[node name="Node3D" type="Node3D"]

[node name="WorldEnvironment" type="WorldEnvironment" parent="."]
environment = SubResource("Environment_yii7y")

[node name="DirectionalLight3D" type="DirectionalLight3D" parent="."]
transform = Transform3D(-0.866025, -0.433013, 0.25, 0, 0.5, 0.866025, -0.5, 0.75, -0.433013, 0, 0, 0)
shadow_enabled = true
shadow_normal_bias = 10.0
shadow_blur = 0.0
directional_shadow_blend_splits = true
directional_shadow_fade_start = 0.1
directional_shadow_max_distance = 20.0

[node name="TestArea" type="NavigationRegion3D" parent="."]
navigation_mesh = SubResource("NavigationMesh_wlgfj")

[node name="Ground" type="CSGBox3D" parent="TestArea"]
gi_mode = 2
use_collision = true
size = Vector3(50, 0.25, 50)
material = SubResource("StandardMaterial3D_d1ftt")

[node name="CSGBox3D" type="CSGBox3D" parent="TestArea"]
transform = Transform3D(1, 0, 0, 0, 1, 0, 0, 0, 1, 0, 5, -25)
use_collision = true
size = Vector3(50, 10, 1)

[node name="CSGBox3D2" type="CSGBox3D" parent="TestArea"]
transform = Transform3D(1, 0, 0, 0, 1, 0, 0, 0, 1, 0, 5, 25)
use_collision = true
size = Vector3(50, 10, 1)

[node name="CSGBox3D3" type="CSGBox3D" parent="TestArea"]
transform = Transform3D(-4.37114e-08, 0, 1, 0, 1, 0, -1, 0, -4.37114e-08, 25, 5, 0)
use_collision = true
size = Vector3(50, 10, 1)

[node name="CSGBox3D4" type="CSGBox3D" parent="TestArea"]
transform = Transform3D(-4.37114e-08, 0, 1, 0, 1, 0, -1, 0, -4.37114e-08, -25, 5, 0)
use_collision = true
size = Vector3(50, 10, 1)

[node name="ScaleBox" type="CSGBox3D" parent="TestArea"]
transform = Transform3D(1, 0, 0, 0, 1, 0, 0, 0, 1, 5, 1.08172, 0)
use_collision = true
material = SubResource("StandardMaterial3D_23j2p")

[node name="Node3D" type="Node3D" parent="TestArea"]

[node name="CSGBox3D" type="CSGBox3D" parent="TestArea/Node3D"]
transform = Transform3D(0.965926, -0.258819, 0, 0.258819, 0.965926, 0, 0, 0, 1, 1.01581, 0.0406982, -14.2384)
use_collision = true
collision_layer = 13
size = Vector3(2.75671, 0.905762, 3)

[node name="CSGBox3D2" type="CSGBox3D" parent="TestArea/Node3D"]
transform = Transform3D(1, 2.98023e-08, 0, -2.98023e-08, 1, 0, 0, 0, 1, 3.99927, 0.372286, -14.2384)
use_collision = true
collision_layer = 13
size = Vector3(3.53021, 0.905762, 3)

[node name="CSGBox3D3" type="CSGBox3D" parent="TestArea/Node3D"]
transform = Transform3D(1, 2.98023e-08, 0, -2.98023e-08, 1, 0, 0, 0, 1, 10.9253, 0.734774, -14.2384)
use_collision = true
collision_layer = 13
size = Vector3(7.52429, 1.63074, 3)

[node name="CSGBox3D4" type="CSGBox3D" parent="TestArea/Node3D"]
transform = Transform3D(-4.37114e-08, -1.3027e-15, -1, -2.98023e-08, 1, 0, 1, 2.98023e-08, -4.37114e-08, 12.7135, 0.734774, -12.5052)
use_collision = true
collision_layer = 13
size = Vector3(1, 1.63074, 4)

[node name="CSGBox3D6" type="CSGBox3D" parent="TestArea/Node3D"]
transform = Transform3D(-4.37114e-08, -1.3027e-15, -1, -2.98023e-08, 1, 0, 1, 2.98023e-08, -4.37114e-08, 12.7135, 2.63412, -4.04154)
use_collision = true
collision_layer = 13
size = Vector3(7.8543, 1.63074, 4)

[node name="CSGBox3D5" type="CSGBox3D" parent="TestArea/Node3D"]
transform = Transform3D(-4.37114e-08, -1.06471e-15, -1, 0.424452, 0.90545, -1.85534e-08, 0.90545, -0.424452, -3.95785e-08, 12.7135, 1.76687, -9.64943)
use_collision = true
collision_layer = 13
size = Vector3(4.46465, 1.63074, 4)

[node name="Player" parent="." instance=ExtResource("1_q8s8h")]
transform = Transform3D(1, 0, 0, 0, 1, 0, 0, 0, 1, 0, 0.25, 0)

[node name="Enemies" type="Node3D" parent="."]

[node name="Enemy" parent="Enemies" instance=ExtResource("2_8bae3")]
transform = Transform3D(1, 0, 0, 0, 1, 0, 0, 0, 1, -15.9797, 1.15, 4.08789)

[node name="MeleeAttack" parent="Enemies/Enemy/Abilities" index="0"]
damageAmount = 0.0
abilityDuration = 0.0

[node name="StateMachine" parent="Enemies/Enemy" index="1" node_paths=PackedStringArray("PatrolPath")]
PatrolPath = NodePath("../../../Waypoints")

[node name="GeneralSkeleton" parent="Enemies/Enemy/RigPivot/Rig" index="0"]
bones/0/position = Vector3(-0.0663577, -0.0210107, 0.0781272)
bones/0/rotation = Quaternion(-0.0328349, -0.0684049, -0.0359298, 0.99647)
bones/2/rotation = Quaternion(-0.00396752, -0.00998167, 0.0406203, 0.999117)
bones/3/rotation = Quaternion(0.0187815, -0.0139725, 0.0519797, 0.998374)
bones/4/rotation = Quaternion(0.0192099, -0.0120326, 0.0523227, 0.998373)
bones/5/rotation = Quaternion(0.0480801, 0.00537884, -0.0300552, 0.998377)
bones/6/rotation = Quaternion(0.0480802, 0.00537874, -0.0300551, 0.998377)
bones/9/rotation = Quaternion(0.00514933, 0.00735628, -0.0972931, 0.995215)
bones/10/rotation = Quaternion(0.595843, 0.081936, 0.787396, -0.13515)
bones/11/rotation = Quaternion(0.0215583, 0.703123, -0.0825075, 0.705936)
bones/12/rotation = Quaternion(0.227248, 0.69824, 0.161136, 0.659435)
bones/25/rotation = Quaternion(0.0113561, 0.0634099, 0.117494, 0.990982)
bones/26/rotation = Quaternion(0.613096, -0.162992, -0.715333, -0.292994)
bones/27/rotation = Quaternion(0.0175617, -0.703579, 0.0785453, 0.706045)
bones/28/rotation = Quaternion(0.141444, -0.647075, -0.118793, 0.739713)
bones/29/rotation = Quaternion(-0.568488, 0.467658, 0.570345, -0.36445)
bones/30/rotation = Quaternion(-0.0231166, 0.228619, 0.00113569, 0.973241)
bones/32/rotation = Quaternion(0.0738913, 0.0051662, 0.218231, 0.973082)
bones/33/rotation = Quaternion(-0.556668, 0.435932, 0.605026, -0.366099)
bones/34/rotation = Quaternion(-0.00689521, 0.00371781, -0.0928594, 0.995648)
bones/36/rotation = Quaternion(-0.110748, -0.686626, -0.157529, 0.701045)
bones/37/rotation = Quaternion(0.154627, 0.31175, -0.845257, 0.405516)
bones/38/rotation = Quaternion(-0.0179471, 0.00569259, -0.16797, 0.985612)
bones/43/rotation = Quaternion(-0.076705, 0.00444461, 0.995083, -0.062501)
bones/44/rotation = Quaternion(0.00109891, 0.981627, -0.183368, -0.0527641)
bones/45/rotation = Quaternion(-0.0193384, 0.59529, -0.803012, 0.0206653)
bones/46/rotation = Quaternion(0.00112829, -8.56775e-08, -2.33191e-07, 0.999999)
bones/48/rotation = Quaternion(0.14421, 0.159858, 0.970588, -0.107738)
bones/49/rotation = Quaternion(-0.0248889, 0.987662, -0.152576, -0.0249961)
bones/50/rotation = Quaternion(-0.044774, 0.727567, -0.682594, 0.052037)
bones/51/rotation = Quaternion(-0.020365, 2.17618e-08, -1.02626e-07, 0.999793)

[node name="Item_WarriorSholderArmor" parent="Enemies/Enemy/RigPivot/Rig/GeneralSkeleton" index="0"]
transform = Transform3D(0.341996, 0.841464, -0.418304, -0.939496, 0.315497, -0.133452, 0.0196785, 0.438634, 0.89845, 0.225672, 1.35117, -0.0136424)

[node name="Item_WarriorSholderArmor1" parent="Enemies/Enemy/RigPivot/Rig/GeneralSkeleton" index="1"]
transform = Transform3D(0.750808, 0.452342, 0.481326, 0.413109, -0.890174, 0.192174, 0.515392, 0.0545544, -0.855216, 0.584536, 0.13112, 0.047455)

[node name="Item_Sword" parent="Enemies/Enemy/RigPivot/Rig/GeneralSkeleton" index="2"]
transform = Transform3D(0.955622, -0.220215, -0.195684, 0.224065, 0.974571, -0.00252409, 0.191264, -0.0414338, 0.980664, 0.0317745, 1.26351, -0.160724)

[node name="Item_SwordHolder" parent="Enemies/Enemy/RigPivot/Rig/GeneralSkeleton" index="3"]
transform = Transform3D(0.955622, -0.220215, -0.195684, 0.224065, 0.974571, -0.00252409, 0.191264, -0.0414338, 0.980664, 0.281305, 0.00484824, 0.0489522)

[node name="Item_WaterCanteen" parent="Enemies/Enemy/RigPivot/Rig/GeneralSkeleton" index="4"]
transform = Transform3D(0.98806, 0.076098, -0.133967, -0.0671137, 0.995262, 0.0703535, 0.138686, -0.0605224, 0.988485, -0.195197, 0.914369, -0.00166733)

[node name="Item_WaterBladder_01" parent="Enemies/Enemy/RigPivot/Rig/GeneralSkeleton" index="5"]
transform = Transform3D(0.98806, 0.076098, -0.133967, -0.0671137, 0.995262, 0.0703535, 0.138686, -0.0605224, 0.988485, 0.195408, 0.737223, 0.0422787)

[node name="SM_Prop_SpellBook_03" parent="Enemies/Enemy/RigPivot/Rig/GeneralSkeleton" index="6"]
transform = Transform3D(0.203707, 0.950138, -0.236095, -0.898132, 0.0853712, -0.431359, -0.389695, 0.299915, 0.87074, 0.223153, 0.940246, 0.0271278)

[node name="Item_Pouch" parent="Enemies/Enemy/RigPivot/Rig/GeneralSkeleton" index="7"]
transform = Transform3D(1.04722, 0.0735556, -0.145793, -0.0711323, 1.05725, 0.0224649, 0.146991, -0.012412, 1.04956, -0.0875309, -0.0882141, 0.029684)

[node name="SM_Prop_Vials" parent="Enemies/Enemy/RigPivot/Rig/GeneralSkeleton" index="8"]
transform = Transform3D(-0.187973, 0.076098, -0.979222, 0.0739297, 0.995262, 0.0631528, 0.979388, -0.0605225, -0.192708, -0.187258, 0.9177, 0.00374352)

[node name="Item_SwordSheath" parent="Enemies/Enemy/RigPivot/Rig/GeneralSkeleton" index="9"]
transform = Transform3D(0.403318, -0.239215, 0.883239, 0.473758, 0.880378, 0.0221056, -0.782872, 0.409526, 0.468402, 0.242275, 0.717659, 0.00147279)

[node name="Item_Dagger" parent="Enemies/Enemy/RigPivot/Rig/GeneralSkeleton" index="10"]
transform = Transform3D(0.98806, 0.076098, -0.133967, -0.0671137, 0.995262, 0.0703535, 0.138686, -0.0605224, 0.988485, 0.209552, 0.844982, 0.0588621)

[node name="Item_CoinBag" parent="Enemies/Enemy/RigPivot/Rig/GeneralSkeleton" index="11"]
transform = Transform3D(0.98806, 0.076098, -0.133967, -0.0671137, 0.995262, 0.0703535, 0.138686, -0.0605224, 0.988485, -0.206002, 0.869462, 0.00525147)

[node name="RightHandAttachment" parent="Enemies/Enemy/RigPivot" index="1"]
transform = Transform3D(0.0100602, -0.0462686, 0.998878, 0.361869, -0.931055, -0.0467716, 0.932175, 0.361934, 0.00737669, -0.263546, 0.687626, -0.107837)

[node name="MeleeAttack" parent="Enemies/Enemy" index="6"]
transform = Transform3D(0.0100602, -0.0462686, 0.998878, 0.361869, -0.931055, -0.0467716, 0.932175, 0.361934, 0.00737669, -0.263546, -0.312374, -0.107837)

[node name="Enemy2" parent="Enemies" instance=ExtResource("2_8bae3")]
transform = Transform3D(1, 0, 0, 0, 1, 0, 0, 0, 1, -4.83837, 1.15, 14.0983)

[node name="Enemy3" parent="Enemies" instance=ExtResource("2_8bae3")]
transform = Transform3D(1, 0, 0, 0, 1, 0, 0, 0, 1, 7.19112, 1.15, 19.2467)

[node name="MeleeAttack" parent="Enemies/Enemy3/Abilities" index="0"]
damageAmount = 0.0
abilityDuration = 0.0

[node name="StateMachine" parent="Enemies/Enemy3" index="1" node_paths=PackedStringArray("WanderArea")]
WanderArea = NodePath("../../../WanderArea")

[node name="GeneralSkeleton" parent="Enemies/Enemy3/RigPivot/Rig" index="0"]
bones/0/position = Vector3(-0.0663577, -0.0210107, 0.0781272)
bones/0/rotation = Quaternion(-0.0328349, -0.0684049, -0.0359298, 0.99647)
bones/2/rotation = Quaternion(-0.00396752, -0.00998167, 0.0406203, 0.999117)
bones/3/rotation = Quaternion(0.0187815, -0.0139725, 0.0519797, 0.998374)
bones/4/rotation = Quaternion(0.0192099, -0.0120326, 0.0523227, 0.998373)
bones/5/rotation = Quaternion(0.0480801, 0.00537884, -0.0300552, 0.998377)
bones/6/rotation = Quaternion(0.0480802, 0.00537874, -0.0300551, 0.998377)
bones/9/rotation = Quaternion(0.00514933, 0.00735628, -0.0972931, 0.995215)
bones/10/rotation = Quaternion(0.595843, 0.081936, 0.787396, -0.13515)
bones/11/rotation = Quaternion(0.0215583, 0.703123, -0.0825075, 0.705936)
bones/12/rotation = Quaternion(0.227248, 0.69824, 0.161136, 0.659435)
bones/25/rotation = Quaternion(0.0113561, 0.0634099, 0.117494, 0.990982)
bones/26/rotation = Quaternion(0.613096, -0.162992, -0.715333, -0.292994)
bones/27/rotation = Quaternion(0.0175617, -0.703579, 0.0785453, 0.706045)
bones/28/rotation = Quaternion(0.141444, -0.647075, -0.118793, 0.739713)
bones/29/rotation = Quaternion(-0.568488, 0.467658, 0.570345, -0.36445)
bones/30/rotation = Quaternion(-0.0231166, 0.228619, 0.00113569, 0.973241)
bones/32/rotation = Quaternion(0.0738913, 0.0051662, 0.218231, 0.973082)
bones/33/rotation = Quaternion(-0.556668, 0.435932, 0.605026, -0.366099)
bones/34/rotation = Quaternion(-0.00689521, 0.00371781, -0.0928594, 0.995648)
bones/36/rotation = Quaternion(-0.110748, -0.686626, -0.157529, 0.701045)
bones/37/rotation = Quaternion(0.154627, 0.31175, -0.845257, 0.405516)
bones/38/rotation = Quaternion(-0.0179471, 0.00569259, -0.16797, 0.985612)
bones/43/rotation = Quaternion(-0.076705, 0.00444461, 0.995083, -0.062501)
bones/44/rotation = Quaternion(0.00109891, 0.981627, -0.183368, -0.0527641)
bones/45/rotation = Quaternion(-0.0193384, 0.59529, -0.803012, 0.0206653)
bones/46/rotation = Quaternion(0.00112829, -8.56775e-08, -2.33191e-07, 0.999999)
bones/48/rotation = Quaternion(0.14421, 0.159858, 0.970588, -0.107738)
bones/49/rotation = Quaternion(-0.0248889, 0.987662, -0.152576, -0.0249961)
bones/50/rotation = Quaternion(-0.044774, 0.727567, -0.682594, 0.052037)
bones/51/rotation = Quaternion(-0.020365, 2.17618e-08, -1.02626e-07, 0.999793)

[node name="Item_WarriorSholderArmor" parent="Enemies/Enemy3/RigPivot/Rig/GeneralSkeleton" index="0"]
transform = Transform3D(0.341996, 0.841464, -0.418304, -0.939496, 0.315497, -0.133452, 0.0196785, 0.438634, 0.89845, 0.225672, 1.35117, -0.0136424)

[node name="Item_WarriorSholderArmor1" parent="Enemies/Enemy3/RigPivot/Rig/GeneralSkeleton" index="1"]
transform = Transform3D(0.750808, 0.452342, 0.481326, 0.413109, -0.890174, 0.192174, 0.515392, 0.0545544, -0.855216, 0.584536, 0.13112, 0.047455)

[node name="Item_Sword" parent="Enemies/Enemy3/RigPivot/Rig/GeneralSkeleton" index="2"]
transform = Transform3D(0.955622, -0.220215, -0.195684, 0.224065, 0.974571, -0.00252409, 0.191264, -0.0414338, 0.980664, 0.0317745, 1.26351, -0.160724)

[node name="Item_SwordHolder" parent="Enemies/Enemy3/RigPivot/Rig/GeneralSkeleton" index="3"]
transform = Transform3D(0.955622, -0.220215, -0.195684, 0.224065, 0.974571, -0.00252409, 0.191264, -0.0414338, 0.980664, 0.281305, 0.00484824, 0.0489522)

[node name="Item_WaterCanteen" parent="Enemies/Enemy3/RigPivot/Rig/GeneralSkeleton" index="4"]
transform = Transform3D(0.98806, 0.076098, -0.133967, -0.0671137, 0.995262, 0.0703535, 0.138686, -0.0605224, 0.988485, -0.195197, 0.914369, -0.00166733)

[node name="Item_WaterBladder_01" parent="Enemies/Enemy3/RigPivot/Rig/GeneralSkeleton" index="5"]
transform = Transform3D(0.98806, 0.076098, -0.133967, -0.0671137, 0.995262, 0.0703535, 0.138686, -0.0605224, 0.988485, 0.195408, 0.737223, 0.0422787)

[node name="SM_Prop_SpellBook_03" parent="Enemies/Enemy3/RigPivot/Rig/GeneralSkeleton" index="6"]
transform = Transform3D(0.203707, 0.950138, -0.236095, -0.898132, 0.0853712, -0.431359, -0.389695, 0.299915, 0.87074, 0.223153, 0.940246, 0.0271278)

[node name="Item_Pouch" parent="Enemies/Enemy3/RigPivot/Rig/GeneralSkeleton" index="7"]
transform = Transform3D(1.04722, 0.0735556, -0.145793, -0.0711323, 1.05725, 0.0224649, 0.146991, -0.012412, 1.04956, -0.0875309, -0.0882141, 0.029684)

[node name="SM_Prop_Vials" parent="Enemies/Enemy3/RigPivot/Rig/GeneralSkeleton" index="8"]
transform = Transform3D(-0.187973, 0.076098, -0.979222, 0.0739297, 0.995262, 0.0631528, 0.979388, -0.0605225, -0.192708, -0.187258, 0.9177, 0.00374352)

[node name="Item_SwordSheath" parent="Enemies/Enemy3/RigPivot/Rig/GeneralSkeleton" index="9"]
transform = Transform3D(0.403318, -0.239215, 0.883239, 0.473758, 0.880378, 0.0221056, -0.782872, 0.409526, 0.468402, 0.242275, 0.717659, 0.00147279)

[node name="Item_Dagger" parent="Enemies/Enemy3/RigPivot/Rig/GeneralSkeleton" index="10"]
transform = Transform3D(0.98806, 0.076098, -0.133967, -0.0671137, 0.995262, 0.0703535, 0.138686, -0.0605224, 0.988485, 0.209552, 0.844982, 0.0588621)

[node name="Item_CoinBag" parent="Enemies/Enemy3/RigPivot/Rig/GeneralSkeleton" index="11"]
transform = Transform3D(0.98806, 0.076098, -0.133967, -0.0671137, 0.995262, 0.0703535, 0.138686, -0.0605224, 0.988485, -0.206002, 0.869462, 0.00525147)

[node name="RightHandAttachment" parent="Enemies/Enemy3/RigPivot" index="1"]
transform = Transform3D(0.0100602, -0.0462686, 0.998878, 0.361869, -0.931055, -0.0467716, 0.932175, 0.361934, 0.00737669, -0.263546, 0.687626, -0.107838)

[node name="MeleeAttack" parent="Enemies/Enemy3" index="6"]
transform = Transform3D(0.0100602, -0.0462686, 0.998878, 0.361869, -0.931055, -0.0467716, 0.932175, 0.361934, 0.00737669, -0.263546, -0.312374, -0.107838)

[node name="Enemy4" parent="Enemies" instance=ExtResource("2_8bae3")]
transform = Transform3D(1, 0, 0, 0, 1, 0, 0, 0, 1, 10.9305, 1.15, 6.2938)

[node name="DeathVolume" parent="." instance=ExtResource("3_wlgfj")]
transform = Transform3D(1, 0, 0, 0, 1, 0, 0, 0, 1, 19.7564, 2.59898, -5.08708)
isInstaKill = true

[node name="CollisionShape3D" parent="DeathVolume" index="0"]
shape = SubResource("BoxShape3D_wlgfj")

[node name="Waypoints" parent="." instance=ExtResource("4_75pta")]
transform = Transform3D(1, 0, 0, 0, 1, 0, 0, 0, 1, -15.2026, 0.625001, 11.04)

[node name="Waypoint" parent="Waypoints" index="0"]
mesh = SubResource("SphereMesh_80lkt")

[node name="Waypoint2" type="MeshInstance3D" parent="Waypoints"]
transform = Transform3D(1, 0, 0, 0, 1, 0, 0, 0, 1, 0, 0, -15.3865)
layers = 2
cast_shadow = 0
gi_mode = 0
mesh = SubResource("SphereMesh_80lkt")

[node name="Waypoint3" type="MeshInstance3D" parent="Waypoints"]
transform = Transform3D(1, 0, 0, 0, 1, 0, 0, 0, 1, -7.49357, 0, -6.55849)
layers = 2
cast_shadow = 0
gi_mode = 0
mesh = SubResource("SphereMesh_80lkt")

[node name="WanderArea" parent="." instance=ExtResource("5_0wm0d")]
transform = Transform3D(1, 0, 0, 0, 1, 0, 0, 0, 1, 6.71637, 0, 19.234)
collision_layer = 0
collision_mask = 0
monitoring = false
monitorable = false

[node name="CollisionShape3D" parent="WanderArea" index="0"]
transform = Transform3D(1, 0, 0, 0, 1, 0, 0, 0, 1, 0, 1, 0)
shape = SubResource("BoxShape3D_0wm0d")
debug_color = Color(1, 0.22, 0.584, 1)

[editable path="Enemies/Enemy"]
[editable path="Enemies/Enemy/RigPivot/Rig"]
[editable path="Enemies/Enemy3"]
[editable path="Enemies/Enemy3/RigPivot/Rig"]
[editable path="DeathVolume"]
[editable path="Waypoints"]
[editable path="WanderArea"]
