[gd_scene load_steps=15 format=3 uid="uid://rpyfcr6vqlwt"]

[ext_resource type="PackedScene" uid="uid://ccfguhc7e2tg1" path="res://GameObjects/Player.tscn" id="1_q8s8h"]
[ext_resource type="PackedScene" uid="uid://cy5lmq1djweto" path="res://GameObjects/BaseEnemy.tscn" id="2_8bae3"]
[ext_resource type="PackedScene" uid="uid://dq0gvhexaojdi" path="res://GameObjects/DeathVolume.tscn" id="3_wlgfj"]
[ext_resource type="PackedScene" uid="uid://biu2mf8jdcjiw" path="res://GameObjects/Waypoints.tscn" id="4_75pta"]
[ext_resource type="PackedScene" uid="uid://dmmink57j3ajq" path="res://GameObjects/WanderArea.tscn" id="5_0wm0d"]

[sub_resource type="ProceduralSkyMaterial" id="ProceduralSkyMaterial_sxrdn"]
sky_horizon_color = Color(0.64625, 0.65575, 0.67075, 1)
ground_horizon_color = Color(0.64625, 0.65575, 0.67075, 1)

[sub_resource type="Sky" id="Sky_y375i"]
sky_material = SubResource("ProceduralSkyMaterial_sxrdn")

[sub_resource type="Environment" id="Environment_yii7y"]
background_mode = 2
sky = SubResource("Sky_y375i")
tonemap_mode = 2
ssr_enabled = true
ssao_enabled = true
ssao_power = 1.26134
ssil_enabled = true
sdfgi_enabled = true
sdfgi_use_occlusion = true
glow_enabled = true

[sub_resource type="NavigationMesh" id="NavigationMesh_wlgfj"]
vertices = PackedVector3Array(0.5, 0.75, -13, 5.5, 1.25, -13, 5.5, 1.25, -15.25, 0.5, 0.75, -15.25, 1.75, 1.25, -13, 1.75, 1.25, -15.25, 4, 0.5, 0.25, 4.25, 0.5, -1, 0.5, 0.5, -12, -24, 0.5, -23.75, -24, 0.5, 0.25, 0.75, 0.5, -16.25, 0.75, 0.5, -23.75, 10, 0.5, -9.25, 10, 0.5, -12, 5.75, 0.5, -1, 14.75, 0.5, -16.25, 14.75, 0.5, -23.75, 15.25, 0.5, -16, 24, 0.5, -14.75, 24, 0.5, -23.75, 15.25, 0.5, -14.5, 7.75, 0.5, -15, 7.75, 0.5, -13.25, 14, 0.5, -13.75, 14, 0.5, -15, 15.25, 0.5, -10.5, 24, 0.5, -10.25, 10.25, 0.5, -8.75, 6.25, 0.5, -0.75, 15, 0.5, -8.75, 6.25, 0.5, 0.75, 5, 0.5, 24, 24, 0.5, 24, 5, 0.5, 1.25, 4, 0.5, 1, -24, 0.5, 24)
polygons = [PackedInt32Array(3, 5, 0), PackedInt32Array(0, 5, 4), PackedInt32Array(4, 5, 2), PackedInt32Array(4, 2, 1), PackedInt32Array(7, 6, 8), PackedInt32Array(8, 6, 10), PackedInt32Array(8, 10, 9), PackedInt32Array(11, 3, 12), PackedInt32Array(12, 3, 9), PackedInt32Array(15, 7, 13), PackedInt32Array(13, 7, 14), PackedInt32Array(14, 7, 8), PackedInt32Array(9, 3, 0), PackedInt32Array(9, 0, 8), PackedInt32Array(12, 17, 11), PackedInt32Array(11, 17, 16), PackedInt32Array(16, 17, 18), PackedInt32Array(18, 17, 20), PackedInt32Array(18, 20, 19), PackedInt32Array(19, 21, 18), PackedInt32Array(25, 24, 22), PackedInt32Array(22, 24, 23), PackedInt32Array(21, 19, 26), PackedInt32Array(26, 19, 27), PackedInt32Array(29, 15, 28), PackedInt32Array(28, 15, 13), PackedInt32Array(30, 27, 31), PackedInt32Array(31, 27, 32), PackedInt32Array(32, 27, 33), PackedInt32Array(30, 26, 27), PackedInt32Array(29, 28, 31), PackedInt32Array(31, 28, 30), PackedInt32Array(32, 34, 31), PackedInt32Array(34, 32, 35), PackedInt32Array(35, 32, 36), PackedInt32Array(35, 36, 10), PackedInt32Array(10, 6, 35)]
geometry_parsed_geometry_type = 1
geometry_collision_mask = 4294967281
filter_baking_aabb = AABB(-25, 0, -25, 50, 1, 50)

[sub_resource type="StandardMaterial3D" id="StandardMaterial3D_d1ftt"]
albedo_color = Color(0.45, 0.275625, 0.0315, 1)

[sub_resource type="StandardMaterial3D" id="StandardMaterial3D_23j2p"]
albedo_color = Color(0, 1, 0.0666666, 1)

[sub_resource type="BoxShape3D" id="BoxShape3D_wlgfj"]
resource_local_to_scene = true
size = Vector3(10, 5, 10)

[sub_resource type="SphereMesh" id="SphereMesh_80lkt"]
radius = 0.25
height = 0.5

[sub_resource type="BoxShape3D" id="BoxShape3D_0wm0d"]
size = Vector3(18, 1, 10)

[node name="Node3D" type="Node3D"]

[node name="WorldEnvironment" type="WorldEnvironment" parent="."]
environment = SubResource("Environment_yii7y")

[node name="DirectionalLight3D" type="DirectionalLight3D" parent="."]
transform = Transform3D(-0.866025, -0.433013, 0.25, 0, 0.5, 0.866025, -0.5, 0.75, -0.433013, 0, 0, 0)
shadow_enabled = true
shadow_normal_bias = 10.0
shadow_blur = 0.0
directional_shadow_blend_splits = true
directional_shadow_fade_start = 0.1
directional_shadow_max_distance = 20.0

[node name="TestArea" type="NavigationRegion3D" parent="."]
navigation_mesh = SubResource("NavigationMesh_wlgfj")

[node name="Ground" type="CSGBox3D" parent="TestArea"]
gi_mode = 2
use_collision = true
size = Vector3(50, 0.25, 50)
material = SubResource("StandardMaterial3D_d1ftt")

[node name="CSGBox3D" type="CSGBox3D" parent="TestArea"]
transform = Transform3D(1, 0, 0, 0, 1, 0, 0, 0, 1, 0, 5, -25)
use_collision = true
size = Vector3(50, 10, 1)

[node name="CSGBox3D2" type="CSGBox3D" parent="TestArea"]
transform = Transform3D(1, 0, 0, 0, 1, 0, 0, 0, 1, 0, 5, 25)
use_collision = true
size = Vector3(50, 10, 1)

[node name="CSGBox3D3" type="CSGBox3D" parent="TestArea"]
transform = Transform3D(-4.37114e-08, 0, 1, 0, 1, 0, -1, 0, -4.37114e-08, 25, 5, 0)
use_collision = true
size = Vector3(50, 10, 1)

[node name="CSGBox3D4" type="CSGBox3D" parent="TestArea"]
transform = Transform3D(-4.37114e-08, 0, 1, 0, 1, 0, -1, 0, -4.37114e-08, -25, 5, 0)
use_collision = true
size = Vector3(50, 10, 1)

[node name="ScaleBox" type="CSGBox3D" parent="TestArea"]
transform = Transform3D(1, 0, 0, 0, 1, 0, 0, 0, 1, 5, 1.08172, 0)
use_collision = true
material = SubResource("StandardMaterial3D_23j2p")

[node name="Node3D" type="Node3D" parent="TestArea"]

[node name="CSGBox3D" type="CSGBox3D" parent="TestArea/Node3D"]
transform = Transform3D(0.965926, -0.258819, 0, 0.258819, 0.965926, 0, 0, 0, 1, 1.01581, 0.0406982, -14.2384)
use_collision = true
collision_layer = 13
size = Vector3(2.75671, 0.905762, 3)

[node name="CSGBox3D2" type="CSGBox3D" parent="TestArea/Node3D"]
transform = Transform3D(1, 2.98023e-08, 0, -2.98023e-08, 1, 0, 0, 0, 1, 3.99927, 0.372286, -14.2384)
use_collision = true
collision_layer = 13
size = Vector3(3.53021, 0.905762, 3)

[node name="CSGBox3D3" type="CSGBox3D" parent="TestArea/Node3D"]
transform = Transform3D(1, 2.98023e-08, 0, -2.98023e-08, 1, 0, 0, 0, 1, 10.9253, 0.734774, -14.2384)
use_collision = true
collision_layer = 13
size = Vector3(7.52429, 1.63074, 3)

[node name="CSGBox3D4" type="CSGBox3D" parent="TestArea/Node3D"]
transform = Transform3D(-4.37114e-08, -1.3027e-15, -1, -2.98023e-08, 1, 0, 1, 2.98023e-08, -4.37114e-08, 12.7135, 0.734774, -12.5052)
use_collision = true
collision_layer = 13
size = Vector3(1, 1.63074, 4)

[node name="CSGBox3D6" type="CSGBox3D" parent="TestArea/Node3D"]
transform = Transform3D(-4.37114e-08, -1.3027e-15, -1, -2.98023e-08, 1, 0, 1, 2.98023e-08, -4.37114e-08, 12.7135, 2.63412, -4.04154)
use_collision = true
collision_layer = 13
size = Vector3(7.8543, 1.63074, 4)

[node name="CSGBox3D5" type="CSGBox3D" parent="TestArea/Node3D"]
transform = Transform3D(-4.37114e-08, -1.06471e-15, -1, 0.424452, 0.90545, -1.85534e-08, 0.90545, -0.424452, -3.95785e-08, 12.7135, 1.76687, -9.64943)
use_collision = true
collision_layer = 13
size = Vector3(4.46465, 1.63074, 4)

[node name="Player" parent="." instance=ExtResource("1_q8s8h")]
transform = Transform3D(1, 0, 0, 0, 1, 0, 0, 0, 1, 0, 0.25, 0)

[node name="Enemies" type="Node3D" parent="."]

[node name="Enemy" parent="Enemies" instance=ExtResource("2_8bae3")]
transform = Transform3D(1, 0, 0, 0, 1, 0, 0, 0, 1, -15.9797, 1.15, 4.08789)

[node name="MeleeAttack" parent="Enemies/Enemy/Abilities" index="0"]
abilityDuration = 0.0

[node name="StateMachine" parent="Enemies/Enemy" index="1" node_paths=PackedStringArray("PatrolPath")]
PatrolPath = NodePath("../../../Waypoints")

[node name="GeneralSkeleton" parent="Enemies/Enemy/RigPivot/Rig" index="0"]
bones/0/position = Vector3(-0.0667155, -0.0212872, 0.0786082)
bones/0/rotation = Quaternion(-0.032178, -0.0679143, -0.0354169, 0.996543)
bones/2/rotation = Quaternion(-0.00501883, -0.00943973, 0.0407812, 0.999111)
bones/3/rotation = Quaternion(0.0168638, -0.0130581, 0.0516939, 0.998435)
bones/4/rotation = Quaternion(0.017269, -0.0111977, 0.0520109, 0.998434)
bones/5/rotation = Quaternion(0.0434717, 0.00531081, -0.0313401, 0.998549)
bones/6/rotation = Quaternion(0.0434716, 0.00531089, -0.0313402, 0.998549)
bones/9/rotation = Quaternion(0.00497919, 0.00917629, -0.096496, 0.995279)
bones/10/rotation = Quaternion(0.6118, 0.0837355, 0.774313, -0.138309)
bones/11/rotation = Quaternion(0.0215492, 0.703124, -0.0824985, 0.705937)
bones/12/rotation = Quaternion(0.221098, 0.694746, 0.16409, 0.664469)
bones/25/rotation = Quaternion(0.01103, 0.0596358, 0.116762, 0.991307)
bones/26/rotation = Quaternion(0.6162, -0.164472, -0.710418, -0.297577)
bones/27/rotation = Quaternion(0.0200706, -0.703295, 0.0810319, 0.705979)
bones/28/rotation = Quaternion(0.140931, -0.646789, -0.118801, 0.74006)
bones/29/rotation = Quaternion(-0.568617, 0.46728, 0.570405, -0.364639)
bones/30/rotation = Quaternion(-0.021859, 0.228603, 0.00264829, 0.973271)
bones/32/rotation = Quaternion(0.0742418, 0.00518186, 0.218463, 0.973003)
bones/33/rotation = Quaternion(-0.556346, 0.436333, 0.60478, -0.366516)
bones/34/rotation = Quaternion(-0.00689529, 0.00371267, -0.092731, 0.99566)
bones/36/rotation = Quaternion(-0.110708, -0.686604, -0.157565, 0.701065)
bones/37/rotation = Quaternion(0.154774, 0.311671, -0.845059, 0.405934)
bones/38/rotation = Quaternion(-0.0179566, 0.00559658, -0.165133, 0.986092)
bones/43/rotation = Quaternion(-0.076974, 0.00458562, 0.995065, -0.0624396)
bones/44/rotation = Quaternion(0.000751681, 0.981704, -0.183062, -0.0524023)
bones/45/rotation = Quaternion(-0.019725, 0.594455, -0.803612, 0.0210233)
bones/46/rotation = Quaternion(0.00107452, -8.98056e-08, -2.3732e-07, 1)
bones/48/rotation = Quaternion(0.144221, 0.159577, 0.970644, -0.10764)
bones/49/rotation = Quaternion(-0.024626, 0.987544, -0.153293, -0.0255162)
bones/50/rotation = Quaternion(-0.0452256, 0.726794, -0.683352, 0.0524853)
bones/51/rotation = Quaternion(-0.0204028, 2.7873e-08, -1.02429e-07, 0.999792)

[node name="Item_WarriorSholderArmor" parent="Enemies/Enemy/RigPivot/Rig/GeneralSkeleton" index="0"]
transform = Transform3D(0.349234, 0.859519, -0.373179, -0.936833, 0.328575, -0.119933, 0.0195329, 0.391491, 0.919975, 0.224464, 1.35137, -0.017007)

[node name="Item_WarriorSholderArmor1" parent="Enemies/Enemy/RigPivot/Rig/GeneralSkeleton" index="1"]
transform = Transform3D(0.75058, 0.44963, 0.484213, 0.414261, -0.891094, 0.185304, 0.514798, 0.0615049, -0.855102, 0.579313, 0.129695, 0.0579921)

[node name="Item_Sword" parent="Enemies/Enemy/RigPivot/Rig/GeneralSkeleton" index="2"]
transform = Transform3D(0.95687, -0.218773, -0.191151, 0.224048, 0.974558, 0.00615943, 0.184941, -0.0487209, 0.981541, 0.0293669, 1.26214, -0.159751)

[node name="Item_SwordHolder" parent="Enemies/Enemy/RigPivot/Rig/GeneralSkeleton" index="3"]
transform = Transform3D(0.95687, -0.218773, -0.191151, 0.224048, 0.974558, 0.00615943, 0.184941, -0.0487209, 0.981541, 0.277758, 0.00487792, 0.0594897)

[node name="Item_WaterCanteen" parent="Enemies/Enemy/RigPivot/Rig/GeneralSkeleton" index="4"]
transform = Transform3D(0.988267, 0.0749597, -0.13308, -0.0662183, 0.995421, 0.0689443, 0.137638, -0.059323, 0.988705, -0.196647, 0.914053, 0.000136022)

[node name="Item_WaterBladder_01" parent="Enemies/Enemy/RigPivot/Rig/GeneralSkeleton" index="5"]
transform = Transform3D(0.988267, 0.0749597, -0.13308, -0.0662183, 0.995421, 0.0689443, 0.137638, -0.059323, 0.988705, 0.194193, 0.737276, 0.0434751)

[node name="SM_Prop_SpellBook_03" parent="Enemies/Enemy/RigPivot/Rig/GeneralSkeleton" index="6"]
transform = Transform3D(0.204301, 0.950337, -0.234778, -0.897412, 0.0860192, -0.432728, -0.391042, 0.299099, 0.870417, 0.221702, 0.940347, 0.028557)

[node name="Item_Pouch" parent="Enemies/Enemy/RigPivot/Rig/GeneralSkeleton" index="7"]
transform = Transform3D(1.04744, 0.072397, -0.144794, -0.0701833, 1.05734, 0.0209648, 0.14588, -0.0111308, 1.04973, -0.087863, -0.0884516, 0.0300997)

[node name="SM_Prop_Vials" parent="Enemies/Enemy/RigPivot/Rig/GeneralSkeleton" index="8"]
transform = Transform3D(-0.187098, 0.0749597, -0.979477, 0.0724734, 0.99542, 0.0623361, 0.979664, -0.0593231, -0.191674, -0.188706, 0.917386, 0.0055434)

[node name="Item_SwordSheath" parent="Enemies/Enemy/RigPivot/Rig/GeneralSkeleton" index="9"]
transform = Transform3D(0.402041, -0.23977, 0.883671, 0.475196, 0.879593, 0.0224656, -0.782657, 0.410884, 0.46757, 0.241041, 0.717814, 0.00259855)

[node name="Item_Dagger" parent="Enemies/Enemy/RigPivot/Rig/GeneralSkeleton" index="10"]
transform = Transform3D(0.988267, 0.0749597, -0.13308, -0.0662183, 0.995421, 0.0689443, 0.137638, -0.059323, 0.988705, 0.208236, 0.845028, 0.0601826)

[node name="Item_CoinBag" parent="Enemies/Enemy/RigPivot/Rig/GeneralSkeleton" index="11"]
transform = Transform3D(0.988267, 0.0749597, -0.13308, -0.0662183, 0.995421, 0.0689443, 0.137638, -0.059323, 0.988705, -0.207396, 0.869126, 0.00700787)

[node name="RightHandAttachment" parent="Enemies/Enemy/RigPivot" index="1"]
transform = Transform3D(0.00229324, -0.0625463, 0.998039, 0.368421, -0.927785, -0.0589901, 0.929656, 0.367834, 0.0209157, -0.27202, 0.688568, -0.10543)

[node name="MeleeAttack" parent="Enemies/Enemy" index="6"]
transform = Transform3D(0.00229324, -0.0625463, 0.998039, 0.368421, -0.927785, -0.0589901, 0.929656, 0.367834, 0.0209157, -0.27202, -0.311432, -0.10543)

[node name="Enemy2" parent="Enemies" instance=ExtResource("2_8bae3")]
transform = Transform3D(1, 0, 0, 0, 1, 0, 0, 0, 1, -4.83837, 1.15, 14.0983)

[node name="Enemy3" parent="Enemies" instance=ExtResource("2_8bae3")]
transform = Transform3D(1, 0, 0, 0, 1, 0, 0, 0, 1, 7.19112, 1.15, 19.2467)

[node name="MeleeAttack" parent="Enemies/Enemy3/Abilities" index="0"]
abilityDuration = 0.0

[node name="StateMachine" parent="Enemies/Enemy3" index="1" node_paths=PackedStringArray("WanderArea")]
WanderArea = NodePath("../../../WanderArea")

[node name="GeneralSkeleton" parent="Enemies/Enemy3/RigPivot/Rig" index="0"]
bones/0/position = Vector3(-0.0667155, -0.0212872, 0.0786082)
bones/0/rotation = Quaternion(-0.032178, -0.0679143, -0.0354169, 0.996543)
bones/2/rotation = Quaternion(-0.00501883, -0.00943973, 0.0407812, 0.999111)
bones/3/rotation = Quaternion(0.0168638, -0.0130581, 0.0516939, 0.998435)
bones/4/rotation = Quaternion(0.017269, -0.0111977, 0.0520109, 0.998434)
bones/5/rotation = Quaternion(0.0434717, 0.00531081, -0.0313401, 0.998549)
bones/6/rotation = Quaternion(0.0434716, 0.00531089, -0.0313402, 0.998549)
bones/9/rotation = Quaternion(0.00497919, 0.00917629, -0.096496, 0.995279)
bones/10/rotation = Quaternion(0.6118, 0.0837355, 0.774313, -0.138309)
bones/11/rotation = Quaternion(0.0215492, 0.703124, -0.0824985, 0.705937)
bones/12/rotation = Quaternion(0.221098, 0.694746, 0.16409, 0.664469)
bones/25/rotation = Quaternion(0.01103, 0.0596358, 0.116762, 0.991307)
bones/26/rotation = Quaternion(0.6162, -0.164472, -0.710418, -0.297577)
bones/27/rotation = Quaternion(0.0200706, -0.703295, 0.0810319, 0.705979)
bones/28/rotation = Quaternion(0.140931, -0.646789, -0.118801, 0.74006)
bones/29/rotation = Quaternion(-0.568617, 0.46728, 0.570405, -0.364639)
bones/30/rotation = Quaternion(-0.021859, 0.228603, 0.00264829, 0.973271)
bones/32/rotation = Quaternion(0.0742418, 0.00518186, 0.218463, 0.973003)
bones/33/rotation = Quaternion(-0.556346, 0.436333, 0.60478, -0.366516)
bones/34/rotation = Quaternion(-0.00689529, 0.00371267, -0.092731, 0.99566)
bones/36/rotation = Quaternion(-0.110708, -0.686604, -0.157565, 0.701065)
bones/37/rotation = Quaternion(0.154774, 0.311671, -0.845059, 0.405934)
bones/38/rotation = Quaternion(-0.0179566, 0.00559658, -0.165133, 0.986092)
bones/43/rotation = Quaternion(-0.076974, 0.00458562, 0.995065, -0.0624396)
bones/44/rotation = Quaternion(0.000751681, 0.981704, -0.183062, -0.0524023)
bones/45/rotation = Quaternion(-0.019725, 0.594455, -0.803612, 0.0210233)
bones/46/rotation = Quaternion(0.00107452, -8.98056e-08, -2.3732e-07, 1)
bones/48/rotation = Quaternion(0.144221, 0.159577, 0.970644, -0.10764)
bones/49/rotation = Quaternion(-0.024626, 0.987544, -0.153293, -0.0255162)
bones/50/rotation = Quaternion(-0.0452256, 0.726794, -0.683352, 0.0524853)
bones/51/rotation = Quaternion(-0.0204028, 2.7873e-08, -1.02429e-07, 0.999792)

[node name="Item_WarriorSholderArmor" parent="Enemies/Enemy3/RigPivot/Rig/GeneralSkeleton" index="0"]
transform = Transform3D(0.349234, 0.859519, -0.373179, -0.936833, 0.328575, -0.119933, 0.0195329, 0.391491, 0.919975, 0.224464, 1.35137, -0.017007)

[node name="Item_WarriorSholderArmor1" parent="Enemies/Enemy3/RigPivot/Rig/GeneralSkeleton" index="1"]
transform = Transform3D(0.75058, 0.44963, 0.484213, 0.414261, -0.891094, 0.185304, 0.514798, 0.0615049, -0.855102, 0.579313, 0.129695, 0.0579921)

[node name="Item_Sword" parent="Enemies/Enemy3/RigPivot/Rig/GeneralSkeleton" index="2"]
transform = Transform3D(0.95687, -0.218773, -0.191151, 0.224048, 0.974558, 0.00615943, 0.184941, -0.0487209, 0.981541, 0.0293669, 1.26214, -0.159751)

[node name="Item_SwordHolder" parent="Enemies/Enemy3/RigPivot/Rig/GeneralSkeleton" index="3"]
transform = Transform3D(0.95687, -0.218773, -0.191151, 0.224048, 0.974558, 0.00615943, 0.184941, -0.0487209, 0.981541, 0.277758, 0.00487792, 0.0594897)

[node name="Item_WaterCanteen" parent="Enemies/Enemy3/RigPivot/Rig/GeneralSkeleton" index="4"]
transform = Transform3D(0.988267, 0.0749597, -0.13308, -0.0662183, 0.995421, 0.0689443, 0.137638, -0.059323, 0.988705, -0.196647, 0.914053, 0.000136022)

[node name="Item_WaterBladder_01" parent="Enemies/Enemy3/RigPivot/Rig/GeneralSkeleton" index="5"]
transform = Transform3D(0.988267, 0.0749597, -0.13308, -0.0662183, 0.995421, 0.0689443, 0.137638, -0.059323, 0.988705, 0.194193, 0.737276, 0.0434751)

[node name="SM_Prop_SpellBook_03" parent="Enemies/Enemy3/RigPivot/Rig/GeneralSkeleton" index="6"]
transform = Transform3D(0.204301, 0.950337, -0.234778, -0.897412, 0.0860192, -0.432728, -0.391042, 0.299099, 0.870417, 0.221702, 0.940347, 0.028557)

[node name="Item_Pouch" parent="Enemies/Enemy3/RigPivot/Rig/GeneralSkeleton" index="7"]
transform = Transform3D(1.04744, 0.072397, -0.144794, -0.0701833, 1.05734, 0.0209648, 0.14588, -0.0111308, 1.04973, -0.087863, -0.0884516, 0.0300997)

[node name="SM_Prop_Vials" parent="Enemies/Enemy3/RigPivot/Rig/GeneralSkeleton" index="8"]
transform = Transform3D(-0.187098, 0.0749597, -0.979477, 0.0724734, 0.99542, 0.0623361, 0.979664, -0.0593231, -0.191674, -0.188706, 0.917386, 0.0055434)

[node name="Item_SwordSheath" parent="Enemies/Enemy3/RigPivot/Rig/GeneralSkeleton" index="9"]
transform = Transform3D(0.402041, -0.23977, 0.883671, 0.475196, 0.879593, 0.0224656, -0.782657, 0.410884, 0.46757, 0.241041, 0.717814, 0.00259855)

[node name="Item_Dagger" parent="Enemies/Enemy3/RigPivot/Rig/GeneralSkeleton" index="10"]
transform = Transform3D(0.988267, 0.0749597, -0.13308, -0.0662183, 0.995421, 0.0689443, 0.137638, -0.059323, 0.988705, 0.208236, 0.845028, 0.0601826)

[node name="Item_CoinBag" parent="Enemies/Enemy3/RigPivot/Rig/GeneralSkeleton" index="11"]
transform = Transform3D(0.988267, 0.0749597, -0.13308, -0.0662183, 0.995421, 0.0689443, 0.137638, -0.059323, 0.988705, -0.207396, 0.869126, 0.00700787)

[node name="RightHandAttachment" parent="Enemies/Enemy3/RigPivot" index="1"]
transform = Transform3D(0.00229324, -0.0625463, 0.998039, 0.368421, -0.927785, -0.0589901, 0.929656, 0.367834, 0.0209157, -0.27202, 0.688568, -0.105431)

[node name="MeleeAttack" parent="Enemies/Enemy3" index="6"]
transform = Transform3D(0.00229324, -0.0625463, 0.998039, 0.368421, -0.927785, -0.0589901, 0.929656, 0.367834, 0.0209157, -0.27202, -0.311432, -0.105431)

[node name="Enemy4" parent="Enemies" instance=ExtResource("2_8bae3")]
transform = Transform3D(1, 0, 0, 0, 1, 0, 0, 0, 1, 10.9305, 1.15, 6.2938)

[node name="DeathVolume" parent="." instance=ExtResource("3_wlgfj")]
transform = Transform3D(1, 0, 0, 0, 1, 0, 0, 0, 1, 19.7564, 2.59898, -5.08708)
isInstaKill = true

[node name="CollisionShape3D" parent="DeathVolume" index="0"]
shape = SubResource("BoxShape3D_wlgfj")

[node name="Waypoints" parent="." instance=ExtResource("4_75pta")]
transform = Transform3D(1, 0, 0, 0, 1, 0, 0, 0, 1, -15.2026, 0.625001, 11.04)

[node name="Waypoint" parent="Waypoints" index="0"]
mesh = SubResource("SphereMesh_80lkt")

[node name="Waypoint2" type="MeshInstance3D" parent="Waypoints"]
transform = Transform3D(1, 0, 0, 0, 1, 0, 0, 0, 1, 0, 0, -15.3865)
layers = 2
cast_shadow = 0
gi_mode = 0
mesh = SubResource("SphereMesh_80lkt")

[node name="Waypoint3" type="MeshInstance3D" parent="Waypoints"]
transform = Transform3D(1, 0, 0, 0, 1, 0, 0, 0, 1, -7.49357, 0, -6.55849)
layers = 2
cast_shadow = 0
gi_mode = 0
mesh = SubResource("SphereMesh_80lkt")

[node name="WanderArea" parent="." instance=ExtResource("5_0wm0d")]
transform = Transform3D(1, 0, 0, 0, 1, 0, 0, 0, 1, 6.71637, 0, 19.234)
collision_layer = 0
collision_mask = 0
monitoring = false
monitorable = false

[node name="CollisionShape3D" parent="WanderArea" index="0"]
transform = Transform3D(1, 0, 0, 0, 1, 0, 0, 0, 1, 0, 1, 0)
shape = SubResource("BoxShape3D_0wm0d")
debug_color = Color(1, 0.22, 0.584, 1)

[editable path="Enemies/Enemy"]
[editable path="Enemies/Enemy/RigPivot/Rig"]
[editable path="Enemies/Enemy3"]
[editable path="Enemies/Enemy3/RigPivot/Rig"]
[editable path="DeathVolume"]
[editable path="Waypoints"]
[editable path="WanderArea"]
