[gd_scene load_steps=15 format=3 uid="uid://rpyfcr6vqlwt"]

[ext_resource type="PackedScene" uid="uid://ccfguhc7e2tg1" path="res://GameObjects/Player.tscn" id="1_q8s8h"]
[ext_resource type="PackedScene" uid="uid://cy5lmq1djweto" path="res://GameObjects/BaseEnemy.tscn" id="2_8bae3"]
[ext_resource type="PackedScene" uid="uid://dq0gvhexaojdi" path="res://GameObjects/DeathVolume.tscn" id="3_wlgfj"]
[ext_resource type="PackedScene" uid="uid://biu2mf8jdcjiw" path="res://GameObjects/Waypoints.tscn" id="4_75pta"]
[ext_resource type="PackedScene" uid="uid://dmmink57j3ajq" path="res://GameObjects/WanderArea.tscn" id="5_0wm0d"]

[sub_resource type="ProceduralSkyMaterial" id="ProceduralSkyMaterial_sxrdn"]
sky_horizon_color = Color(0.64625, 0.65575, 0.67075, 1)
ground_horizon_color = Color(0.64625, 0.65575, 0.67075, 1)

[sub_resource type="Sky" id="Sky_y375i"]
sky_material = SubResource("ProceduralSkyMaterial_sxrdn")

[sub_resource type="Environment" id="Environment_yii7y"]
background_mode = 2
sky = SubResource("Sky_y375i")
tonemap_mode = 2
ssr_enabled = true
ssao_enabled = true
ssao_power = 1.26134
ssil_enabled = true
sdfgi_enabled = true
sdfgi_use_occlusion = true
glow_enabled = true

[sub_resource type="NavigationMesh" id="NavigationMesh_wlgfj"]
vertices = PackedVector3Array(0.5, 0.75, -13, 5.5, 1.25, -13, 5.5, 1.25, -15.25, 0.5, 0.75, -15.25, 1.75, 1.25, -13, 1.75, 1.25, -15.25, 4, 0.5, 0.25, 4.25, 0.5, -1, 0.5, 0.5, -12, -24, 0.5, -23.75, -24, 0.5, 0.25, 0.75, 0.5, -16.25, 0.75, 0.5, -23.75, 10, 0.5, -9.25, 10, 0.5, -12, 5.75, 0.5, -1, 14.75, 0.5, -16.25, 14.75, 0.5, -23.75, 15.25, 0.5, -16, 24, 0.5, -14.75, 24, 0.5, -23.75, 15.25, 0.5, -14.5, 7.75, 0.5, -15, 7.75, 0.5, -13.25, 14, 0.5, -13.75, 14, 0.5, -15, 15.25, 0.5, -10.5, 24, 0.5, -10.25, 10.25, 0.5, -8.75, 6.25, 0.5, -0.75, 15, 0.5, -8.75, 6.25, 0.5, 0.75, 5, 0.5, 24, 24, 0.5, 24, 5, 0.5, 1.25, 4, 0.5, 1, -24, 0.5, 24)
polygons = [PackedInt32Array(3, 5, 0), PackedInt32Array(0, 5, 4), PackedInt32Array(4, 5, 2), PackedInt32Array(4, 2, 1), PackedInt32Array(7, 6, 8), PackedInt32Array(8, 6, 10), PackedInt32Array(8, 10, 9), PackedInt32Array(11, 3, 12), PackedInt32Array(12, 3, 9), PackedInt32Array(15, 7, 13), PackedInt32Array(13, 7, 14), PackedInt32Array(14, 7, 8), PackedInt32Array(9, 3, 0), PackedInt32Array(9, 0, 8), PackedInt32Array(12, 17, 11), PackedInt32Array(11, 17, 16), PackedInt32Array(16, 17, 18), PackedInt32Array(18, 17, 20), PackedInt32Array(18, 20, 19), PackedInt32Array(19, 21, 18), PackedInt32Array(25, 24, 22), PackedInt32Array(22, 24, 23), PackedInt32Array(21, 19, 26), PackedInt32Array(26, 19, 27), PackedInt32Array(29, 15, 28), PackedInt32Array(28, 15, 13), PackedInt32Array(30, 27, 31), PackedInt32Array(31, 27, 32), PackedInt32Array(32, 27, 33), PackedInt32Array(30, 26, 27), PackedInt32Array(29, 28, 31), PackedInt32Array(31, 28, 30), PackedInt32Array(32, 34, 31), PackedInt32Array(34, 32, 35), PackedInt32Array(35, 32, 36), PackedInt32Array(35, 36, 10), PackedInt32Array(10, 6, 35)]
geometry_parsed_geometry_type = 1
geometry_collision_mask = 4294967281
filter_baking_aabb = AABB(-25, 0, -25, 50, 1, 50)

[sub_resource type="StandardMaterial3D" id="StandardMaterial3D_d1ftt"]
albedo_color = Color(0.45, 0.275625, 0.0315, 1)

[sub_resource type="StandardMaterial3D" id="StandardMaterial3D_23j2p"]
albedo_color = Color(0, 1, 0.0666666, 1)

[sub_resource type="BoxShape3D" id="BoxShape3D_wlgfj"]
resource_local_to_scene = true
size = Vector3(10, 5, 10)

[sub_resource type="SphereMesh" id="SphereMesh_80lkt"]
radius = 0.25
height = 0.5

[sub_resource type="BoxShape3D" id="BoxShape3D_0wm0d"]
size = Vector3(18, 1, 10)

[node name="Node3D" type="Node3D"]

[node name="WorldEnvironment" type="WorldEnvironment" parent="."]
environment = SubResource("Environment_yii7y")

[node name="DirectionalLight3D" type="DirectionalLight3D" parent="."]
transform = Transform3D(-0.866025, -0.433013, 0.25, 0, 0.5, 0.866025, -0.5, 0.75, -0.433013, 0, 0, 0)
shadow_enabled = true
shadow_normal_bias = 10.0
shadow_blur = 0.0
directional_shadow_blend_splits = true
directional_shadow_fade_start = 0.1
directional_shadow_max_distance = 20.0

[node name="TestArea" type="NavigationRegion3D" parent="."]
navigation_mesh = SubResource("NavigationMesh_wlgfj")

[node name="Ground" type="CSGBox3D" parent="TestArea"]
gi_mode = 2
use_collision = true
size = Vector3(50, 0.25, 50)
material = SubResource("StandardMaterial3D_d1ftt")

[node name="CSGBox3D" type="CSGBox3D" parent="TestArea"]
transform = Transform3D(1, 0, 0, 0, 1, 0, 0, 0, 1, 0, 5, -25)
use_collision = true
size = Vector3(50, 10, 1)

[node name="CSGBox3D2" type="CSGBox3D" parent="TestArea"]
transform = Transform3D(1, 0, 0, 0, 1, 0, 0, 0, 1, 0, 5, 25)
use_collision = true
size = Vector3(50, 10, 1)

[node name="CSGBox3D3" type="CSGBox3D" parent="TestArea"]
transform = Transform3D(-4.37114e-08, 0, 1, 0, 1, 0, -1, 0, -4.37114e-08, 25, 5, 0)
use_collision = true
size = Vector3(50, 10, 1)

[node name="CSGBox3D4" type="CSGBox3D" parent="TestArea"]
transform = Transform3D(-4.37114e-08, 0, 1, 0, 1, 0, -1, 0, -4.37114e-08, -25, 5, 0)
use_collision = true
size = Vector3(50, 10, 1)

[node name="ScaleBox" type="CSGBox3D" parent="TestArea"]
transform = Transform3D(1, 0, 0, 0, 1, 0, 0, 0, 1, 5, 1.08172, 0)
use_collision = true
material = SubResource("StandardMaterial3D_23j2p")

[node name="Node3D" type="Node3D" parent="TestArea"]

[node name="CSGBox3D" type="CSGBox3D" parent="TestArea/Node3D"]
transform = Transform3D(0.965926, -0.258819, 0, 0.258819, 0.965926, 0, 0, 0, 1, 1.01581, 0.0406982, -14.2384)
use_collision = true
collision_layer = 13
size = Vector3(2.75671, 0.905762, 3)

[node name="CSGBox3D2" type="CSGBox3D" parent="TestArea/Node3D"]
transform = Transform3D(1, 2.98023e-08, 0, -2.98023e-08, 1, 0, 0, 0, 1, 3.99927, 0.372286, -14.2384)
use_collision = true
collision_layer = 13
size = Vector3(3.53021, 0.905762, 3)

[node name="CSGBox3D3" type="CSGBox3D" parent="TestArea/Node3D"]
transform = Transform3D(1, 2.98023e-08, 0, -2.98023e-08, 1, 0, 0, 0, 1, 10.9253, 0.734774, -14.2384)
use_collision = true
collision_layer = 13
size = Vector3(7.52429, 1.63074, 3)

[node name="CSGBox3D4" type="CSGBox3D" parent="TestArea/Node3D"]
transform = Transform3D(-4.37114e-08, -1.3027e-15, -1, -2.98023e-08, 1, 0, 1, 2.98023e-08, -4.37114e-08, 12.7135, 0.734774, -12.5052)
use_collision = true
collision_layer = 13
size = Vector3(1, 1.63074, 4)

[node name="CSGBox3D6" type="CSGBox3D" parent="TestArea/Node3D"]
transform = Transform3D(-4.37114e-08, -1.3027e-15, -1, -2.98023e-08, 1, 0, 1, 2.98023e-08, -4.37114e-08, 12.7135, 2.63412, -4.04154)
use_collision = true
collision_layer = 13
size = Vector3(7.8543, 1.63074, 4)

[node name="CSGBox3D5" type="CSGBox3D" parent="TestArea/Node3D"]
transform = Transform3D(-4.37114e-08, -1.06471e-15, -1, 0.424452, 0.90545, -1.85534e-08, 0.90545, -0.424452, -3.95785e-08, 12.7135, 1.76687, -9.64943)
use_collision = true
collision_layer = 13
size = Vector3(4.46465, 1.63074, 4)

[node name="Player" parent="." instance=ExtResource("1_q8s8h")]
transform = Transform3D(1, 0, 0, 0, 1, 0, 0, 0, 1, 0, 0.25, 0)

[node name="Enemies" type="Node3D" parent="."]

[node name="Enemy" parent="Enemies" instance=ExtResource("2_8bae3")]
transform = Transform3D(1, 0, 0, 0, 1, 0, 0, 0, 1, -15.9797, 1.15, 4.08789)

[node name="StateMachine" parent="Enemies/Enemy" index="0" node_paths=PackedStringArray("PatrolPath")]
PatrolPath = NodePath("../../../Waypoints")

[node name="GeneralSkeleton" parent="Enemies/Enemy/RigPivot/Rig" index="0"]
bones/0/position = Vector3(-0.0670343, -0.0211998, 0.0780438)
bones/0/rotation = Quaternion(-0.0324565, -0.0682292, -0.0356496, 0.996504)
bones/2/rotation = Quaternion(-0.00440369, -0.00967829, 0.0407912, 0.999111)
bones/3/rotation = Quaternion(0.0182471, -0.013478, 0.0519877, 0.99839)
bones/4/rotation = Quaternion(0.0186645, -0.0115663, 0.0523143, 0.998389)
bones/5/rotation = Quaternion(0.0456889, 0.00543135, -0.030542, 0.998474)
bones/6/rotation = Quaternion(0.0456887, 0.00543131, -0.0305421, 0.998474)
bones/9/rotation = Quaternion(0.00508612, 0.00807644, -0.0971211, 0.995227)
bones/10/rotation = Quaternion(0.604268, 0.0835923, 0.780443, -0.137044)
bones/11/rotation = Quaternion(0.0215532, 0.703124, -0.0825024, 0.705936)
bones/12/rotation = Quaternion(0.224187, 0.697172, 0.163611, 0.661002)
bones/13/rotation = Quaternion(0.362052, 0.521091, -0.460872, -0.620467)
bones/14/rotation = Quaternion(-0.0733182, 0.186071, 0.0405881, 0.978956)
bones/16/rotation = Quaternion(0.0654328, -0.00433365, -0.217917, 0.973762)
bones/17/rotation = Quaternion(-0.336185, -0.621662, 0.407263, 0.578492)
bones/18/rotation = Quaternion(-0.00685528, 0.00554012, -0.142162, 0.989804)
bones/20/rotation = Quaternion(-0.10052, 0.680664, 0.167109, 0.706164)
bones/21/rotation = Quaternion(0.42953, 0.833552, 0.306887, -0.162835)
bones/22/rotation = Quaternion(-0.0179231, 0.00640528, -0.195053, 0.980608)
bones/25/rotation = Quaternion(0.0112048, 0.061617, 0.117258, 0.991125)
bones/26/rotation = Quaternion(0.614499, -0.164536, -0.712796, -0.295367)
bones/27/rotation = Quaternion(0.0194124, -0.703371, 0.0803798, 0.705997)
bones/28/rotation = Quaternion(0.141116, -0.647393, -0.118797, 0.739497)
bones/29/rotation = Quaternion(-0.568392, 0.467941, 0.5703, -0.364308)
bones/30/rotation = Quaternion(-0.0233312, 0.22935, 0.00119127, 0.973064)
bones/32/rotation = Quaternion(0.0739169, 0.00516736, 0.218248, 0.973076)
bones/33/rotation = Quaternion(-0.556929, 0.435606, 0.605225, -0.36576)
bones/34/rotation = Quaternion(-0.00689525, 0.00371493, -0.0927873, 0.995655)
bones/36/rotation = Quaternion(-0.110933, -0.686731, -0.157359, 0.700951)
bones/37/rotation = Quaternion(0.154444, 0.311849, -0.845505, 0.404993)
bones/38/rotation = Quaternion(-0.0179446, 0.00572164, -0.168827, 0.985466)
bones/43/rotation = Quaternion(-0.0767412, 0.004717, 0.995072, -0.0626183)
bones/44/rotation = Quaternion(0.000904183, 0.98167, -0.183196, -0.0525612)
bones/45/rotation = Quaternion(-0.0195457, 0.594815, -0.803354, 0.0208569)
bones/46/rotation = Quaternion(0.00109814, -8.79925e-08, -2.35507e-07, 0.999999)
bones/48/rotation = Quaternion(0.144216, 0.1597, 0.970619, -0.107683)
bones/49/rotation = Quaternion(-0.0247632, 0.987616, -0.152864, -0.0251914)
bones/50/rotation = Quaternion(-0.0450088, 0.727183, -0.68297, 0.0522681)
bones/51/rotation = Quaternion(-0.0203862, 2.5189e-08, -1.02515e-07, 0.999792)
bones/55/rotation = Quaternion(0.227152, 0.131925, -0.615502, 0.743071)

[node name="Item_WarriorSholderArmor" parent="Enemies/Enemy/RigPivot/Rig/GeneralSkeleton" index="0"]
transform = Transform3D(0.347495, 0.850544, -0.394743, -0.937496, 0.32353, -0.128181, 0.0186879, 0.414612, 0.909806, 0.224374, 1.3515, -0.0152772)

[node name="Item_WarriorSholderArmor1" parent="Enemies/Enemy/RigPivot/Rig/GeneralSkeleton" index="1"]
transform = Transform3D(0.750397, 0.452238, 0.482064, 0.413834, -0.89012, 0.19086, 0.515409, 0.0562732, -0.855095, 0.582878, 0.131064, 0.0503899)

[node name="Item_Sword" parent="Enemies/Enemy/RigPivot/Rig/GeneralSkeleton" index="2"]
transform = Transform3D(0.95606, -0.220599, -0.193093, 0.224803, 0.974404, -0.000146055, 0.188183, -0.0432682, 0.98118, 0.0298673, 1.26307, -0.160332)

[node name="Item_SwordHolder" parent="Enemies/Enemy/RigPivot/Rig/GeneralSkeleton" index="3"]
transform = Transform3D(0.95606, -0.220599, -0.193093, 0.224803, 0.974404, -0.000146055, 0.188183, -0.0432682, 0.98118, 0.280307, 0.00500274, 0.0518041)

[node name="Item_WaterCanteen" parent="Enemies/Enemy/RigPivot/Rig/GeneralSkeleton" index="4"]
transform = Transform3D(0.988148, 0.0754789, -0.133667, -0.0666209, 0.995351, 0.0695507, 0.138296, -0.0598213, 0.988583, -0.196463, 0.91416, -0.00102254)

[node name="Item_WaterBladder_01" parent="Enemies/Enemy/RigPivot/Rig/GeneralSkeleton" index="5"]
transform = Transform3D(0.988148, 0.0754789, -0.133667, -0.0666209, 0.995351, 0.0695507, 0.138296, -0.0598213, 0.988583, 0.194263, 0.737217, 0.0426589)

[node name="SM_Prop_SpellBook_03" parent="Enemies/Enemy/RigPivot/Rig/GeneralSkeleton" index="6"]
transform = Transform3D(0.204112, 0.950191, -0.235534, -0.897725, 0.0857233, -0.432137, -0.390422, 0.299649, 0.870507, 0.221881, 0.940267, 0.0276468)

[node name="Item_Pouch" parent="Enemies/Enemy/RigPivot/Rig/GeneralSkeleton" index="7"]
transform = Transform3D(1.04732, 0.0729159, -0.145443, -0.0706101, 1.0573, 0.0216104, 0.146576, -0.0116647, 1.04963, -0.088184, -0.0883805, 0.0295588)

[node name="SM_Prop_Vials" parent="Enemies/Enemy/RigPivot/Rig/GeneralSkeleton" index="8"]
transform = Transform3D(-0.187678, 0.0754789, -0.979326, 0.073101, 0.995351, 0.0627049, 0.979507, -0.0598214, -0.192323, -0.188525, 0.917492, 0.004388)

[node name="Item_SwordSheath" parent="Enemies/Enemy/RigPivot/Rig/GeneralSkeleton" index="9"]
transform = Transform3D(0.402762, -0.239602, 0.883388, 0.474572, 0.879934, 0.0222943, -0.782665, 0.410252, 0.468113, 0.241128, 0.717711, 0.0018225)

[node name="Item_Dagger" parent="Enemies/Enemy/RigPivot/Rig/GeneralSkeleton" index="10"]
transform = Transform3D(0.988148, 0.0754789, -0.133667, -0.0666209, 0.995351, 0.0695507, 0.138296, -0.0598213, 0.988583, 0.208348, 0.844972, 0.0593162)

[node name="Item_CoinBag" parent="Enemies/Enemy/RigPivot/Rig/GeneralSkeleton" index="11"]
transform = Transform3D(0.988148, 0.0754789, -0.133667, -0.0666209, 0.995351, 0.0695507, 0.138296, -0.0598213, 0.988583, -0.207239, 0.869242, 0.00586717)

[node name="RightHandAttachment" parent="Enemies/Enemy/RigPivot" index="1"]
transform = Transform3D(0.00795227, -0.0537653, 0.998522, 0.365886, -0.929152, -0.0529439, 0.930626, 0.365766, 0.0122831, -0.2684, 0.687942, -0.106474)

[node name="MeleeAttack" parent="Enemies/Enemy" index="5"]
transform = Transform3D(0.00795227, -0.0537653, 0.998522, 0.365886, -0.929152, -0.0529439, 0.930626, 0.365766, 0.0122831, -0.2684, -0.312058, -0.106474)

[node name="Enemy2" parent="Enemies" instance=ExtResource("2_8bae3")]
transform = Transform3D(1, 0, 0, 0, 1, 0, 0, 0, 1, -4.83837, 1.15, 14.0983)

[node name="Enemy3" parent="Enemies" instance=ExtResource("2_8bae3")]
transform = Transform3D(1, 0, 0, 0, 1, 0, 0, 0, 1, 7.19112, 1.15, 19.2467)

[node name="StateMachine" parent="Enemies/Enemy3" index="0" node_paths=PackedStringArray("WanderArea")]
WanderArea = NodePath("../../../WanderArea")

[node name="GeneralSkeleton" parent="Enemies/Enemy3/RigPivot/Rig" index="0"]
bones/0/position = Vector3(-0.0670343, -0.0211998, 0.0780438)
bones/0/rotation = Quaternion(-0.0324565, -0.0682292, -0.0356496, 0.996504)
bones/2/rotation = Quaternion(-0.00440369, -0.00967829, 0.0407912, 0.999111)
bones/3/rotation = Quaternion(0.0182471, -0.013478, 0.0519877, 0.99839)
bones/4/rotation = Quaternion(0.0186645, -0.0115663, 0.0523143, 0.998389)
bones/5/rotation = Quaternion(0.0456889, 0.00543135, -0.030542, 0.998474)
bones/6/rotation = Quaternion(0.0456887, 0.00543131, -0.0305421, 0.998474)
bones/9/rotation = Quaternion(0.00508612, 0.00807644, -0.0971211, 0.995227)
bones/10/rotation = Quaternion(0.604268, 0.0835923, 0.780443, -0.137044)
bones/11/rotation = Quaternion(0.0215532, 0.703124, -0.0825024, 0.705936)
bones/12/rotation = Quaternion(0.224187, 0.697172, 0.163611, 0.661002)
bones/13/rotation = Quaternion(0.362052, 0.521091, -0.460872, -0.620467)
bones/14/rotation = Quaternion(-0.0733182, 0.186071, 0.0405881, 0.978956)
bones/16/rotation = Quaternion(0.0654328, -0.00433365, -0.217917, 0.973762)
bones/17/rotation = Quaternion(-0.336185, -0.621662, 0.407263, 0.578492)
bones/18/rotation = Quaternion(-0.00685528, 0.00554012, -0.142162, 0.989804)
bones/20/rotation = Quaternion(-0.10052, 0.680664, 0.167109, 0.706164)
bones/21/rotation = Quaternion(0.42953, 0.833552, 0.306887, -0.162835)
bones/22/rotation = Quaternion(-0.0179231, 0.00640528, -0.195053, 0.980608)
bones/25/rotation = Quaternion(0.0112048, 0.061617, 0.117258, 0.991125)
bones/26/rotation = Quaternion(0.614499, -0.164536, -0.712796, -0.295367)
bones/27/rotation = Quaternion(0.0194124, -0.703371, 0.0803798, 0.705997)
bones/28/rotation = Quaternion(0.141116, -0.647393, -0.118797, 0.739497)
bones/29/rotation = Quaternion(-0.568392, 0.467941, 0.5703, -0.364308)
bones/30/rotation = Quaternion(-0.0233312, 0.22935, 0.00119127, 0.973064)
bones/32/rotation = Quaternion(0.0739169, 0.00516736, 0.218248, 0.973076)
bones/33/rotation = Quaternion(-0.556929, 0.435606, 0.605225, -0.36576)
bones/34/rotation = Quaternion(-0.00689525, 0.00371493, -0.0927873, 0.995655)
bones/36/rotation = Quaternion(-0.110933, -0.686731, -0.157359, 0.700951)
bones/37/rotation = Quaternion(0.154444, 0.311849, -0.845505, 0.404993)
bones/38/rotation = Quaternion(-0.0179446, 0.00572164, -0.168827, 0.985466)
bones/43/rotation = Quaternion(-0.0767412, 0.004717, 0.995072, -0.0626183)
bones/44/rotation = Quaternion(0.000904183, 0.98167, -0.183196, -0.0525612)
bones/45/rotation = Quaternion(-0.0195457, 0.594815, -0.803354, 0.0208569)
bones/46/rotation = Quaternion(0.00109814, -8.79925e-08, -2.35507e-07, 0.999999)
bones/48/rotation = Quaternion(0.144216, 0.1597, 0.970619, -0.107683)
bones/49/rotation = Quaternion(-0.0247632, 0.987616, -0.152864, -0.0251914)
bones/50/rotation = Quaternion(-0.0450088, 0.727183, -0.68297, 0.0522681)
bones/51/rotation = Quaternion(-0.0203862, 2.5189e-08, -1.02515e-07, 0.999792)
bones/55/rotation = Quaternion(0.227152, 0.131925, -0.615502, 0.743071)

[node name="Item_WarriorSholderArmor" parent="Enemies/Enemy3/RigPivot/Rig/GeneralSkeleton" index="0"]
transform = Transform3D(0.347495, 0.850544, -0.394743, -0.937496, 0.32353, -0.128181, 0.0186879, 0.414612, 0.909806, 0.224374, 1.3515, -0.0152772)

[node name="Item_WarriorSholderArmor1" parent="Enemies/Enemy3/RigPivot/Rig/GeneralSkeleton" index="1"]
transform = Transform3D(0.750397, 0.452238, 0.482064, 0.413834, -0.89012, 0.19086, 0.515409, 0.0562732, -0.855095, 0.582878, 0.131064, 0.0503899)

[node name="Item_Sword" parent="Enemies/Enemy3/RigPivot/Rig/GeneralSkeleton" index="2"]
transform = Transform3D(0.95606, -0.220599, -0.193093, 0.224803, 0.974404, -0.000146055, 0.188183, -0.0432682, 0.98118, 0.0298673, 1.26307, -0.160332)

[node name="Item_SwordHolder" parent="Enemies/Enemy3/RigPivot/Rig/GeneralSkeleton" index="3"]
transform = Transform3D(0.95606, -0.220599, -0.193093, 0.224803, 0.974404, -0.000146055, 0.188183, -0.0432682, 0.98118, 0.280307, 0.00500274, 0.0518041)

[node name="Item_WaterCanteen" parent="Enemies/Enemy3/RigPivot/Rig/GeneralSkeleton" index="4"]
transform = Transform3D(0.988148, 0.0754789, -0.133667, -0.0666209, 0.995351, 0.0695507, 0.138296, -0.0598213, 0.988583, -0.196463, 0.91416, -0.00102254)

[node name="Item_WaterBladder_01" parent="Enemies/Enemy3/RigPivot/Rig/GeneralSkeleton" index="5"]
transform = Transform3D(0.988148, 0.0754789, -0.133667, -0.0666209, 0.995351, 0.0695507, 0.138296, -0.0598213, 0.988583, 0.194263, 0.737217, 0.0426589)

[node name="SM_Prop_SpellBook_03" parent="Enemies/Enemy3/RigPivot/Rig/GeneralSkeleton" index="6"]
transform = Transform3D(0.204112, 0.950191, -0.235534, -0.897725, 0.0857233, -0.432137, -0.390422, 0.299649, 0.870507, 0.221881, 0.940267, 0.0276468)

[node name="Item_Pouch" parent="Enemies/Enemy3/RigPivot/Rig/GeneralSkeleton" index="7"]
transform = Transform3D(1.04732, 0.0729159, -0.145443, -0.0706101, 1.0573, 0.0216104, 0.146576, -0.0116647, 1.04963, -0.088184, -0.0883805, 0.0295588)

[node name="SM_Prop_Vials" parent="Enemies/Enemy3/RigPivot/Rig/GeneralSkeleton" index="8"]
transform = Transform3D(-0.187678, 0.0754789, -0.979326, 0.073101, 0.995351, 0.0627049, 0.979507, -0.0598214, -0.192323, -0.188525, 0.917492, 0.004388)

[node name="Item_SwordSheath" parent="Enemies/Enemy3/RigPivot/Rig/GeneralSkeleton" index="9"]
transform = Transform3D(0.402762, -0.239602, 0.883388, 0.474572, 0.879934, 0.0222943, -0.782665, 0.410252, 0.468113, 0.241128, 0.717711, 0.0018225)

[node name="Item_Dagger" parent="Enemies/Enemy3/RigPivot/Rig/GeneralSkeleton" index="10"]
transform = Transform3D(0.988148, 0.0754789, -0.133667, -0.0666209, 0.995351, 0.0695507, 0.138296, -0.0598213, 0.988583, 0.208348, 0.844972, 0.0593162)

[node name="Item_CoinBag" parent="Enemies/Enemy3/RigPivot/Rig/GeneralSkeleton" index="11"]
transform = Transform3D(0.988148, 0.0754789, -0.133667, -0.0666209, 0.995351, 0.0695507, 0.138296, -0.0598213, 0.988583, -0.207239, 0.869242, 0.00586717)

[node name="RightHandAttachment" parent="Enemies/Enemy3/RigPivot" index="1"]
transform = Transform3D(0.00795227, -0.0537653, 0.998522, 0.365886, -0.929152, -0.0529439, 0.930626, 0.365766, 0.0122831, -0.268401, 0.687942, -0.106474)

[node name="MeleeAttack" parent="Enemies/Enemy3" index="5"]
transform = Transform3D(0.00795227, -0.0537653, 0.998522, 0.365886, -0.929152, -0.0529439, 0.930626, 0.365766, 0.0122831, -0.268401, -0.312058, -0.106474)

[node name="Enemy4" parent="Enemies" instance=ExtResource("2_8bae3")]
transform = Transform3D(1, 0, 0, 0, 1, 0, 0, 0, 1, 10.9305, 1.15, 6.2938)

[node name="DeathVolume" parent="." instance=ExtResource("3_wlgfj")]
transform = Transform3D(1, 0, 0, 0, 1, 0, 0, 0, 1, 19.7564, 2.59898, -5.08708)
isInstaKill = true

[node name="CollisionShape3D" parent="DeathVolume" index="0"]
shape = SubResource("BoxShape3D_wlgfj")

[node name="Waypoints" parent="." instance=ExtResource("4_75pta")]
transform = Transform3D(1, 0, 0, 0, 1, 0, 0, 0, 1, -15.2026, 0.625001, 11.04)

[node name="Waypoint" parent="Waypoints" index="0"]
mesh = SubResource("SphereMesh_80lkt")

[node name="Waypoint2" type="MeshInstance3D" parent="Waypoints"]
transform = Transform3D(1, 0, 0, 0, 1, 0, 0, 0, 1, 0, 0, -15.3865)
layers = 2
cast_shadow = 0
gi_mode = 0
mesh = SubResource("SphereMesh_80lkt")

[node name="Waypoint3" type="MeshInstance3D" parent="Waypoints"]
transform = Transform3D(1, 0, 0, 0, 1, 0, 0, 0, 1, -7.49357, 0, -6.55849)
layers = 2
cast_shadow = 0
gi_mode = 0
mesh = SubResource("SphereMesh_80lkt")

[node name="WanderArea" parent="." instance=ExtResource("5_0wm0d")]
transform = Transform3D(1, 0, 0, 0, 1, 0, 0, 0, 1, 6.71637, 0, 19.234)
collision_layer = 0
collision_mask = 0
monitoring = false
monitorable = false

[node name="CollisionShape3D" parent="WanderArea" index="0"]
transform = Transform3D(1, 0, 0, 0, 1, 0, 0, 0, 1, 0, 1, 0)
shape = SubResource("BoxShape3D_0wm0d")
debug_color = Color(1, 0.22, 0.584, 1)

[editable path="Enemies/Enemy"]
[editable path="Enemies/Enemy/RigPivot/Rig"]
[editable path="Enemies/Enemy3"]
[editable path="Enemies/Enemy3/RigPivot/Rig"]
[editable path="DeathVolume"]
[editable path="Waypoints"]
[editable path="WanderArea"]
