[gd_scene load_steps=15 format=3 uid="uid://rpyfcr6vqlwt"]

[ext_resource type="PackedScene" uid="uid://ccfguhc7e2tg1" path="res://GameObjects/Player.tscn" id="1_q8s8h"]
[ext_resource type="PackedScene" uid="uid://cy5lmq1djweto" path="res://GameObjects/BaseEnemy.tscn" id="2_8bae3"]
[ext_resource type="PackedScene" uid="uid://dq0gvhexaojdi" path="res://GameObjects/DeathVolume.tscn" id="3_wlgfj"]
[ext_resource type="PackedScene" uid="uid://biu2mf8jdcjiw" path="res://GameObjects/Waypoints.tscn" id="4_75pta"]
[ext_resource type="PackedScene" uid="uid://dmmink57j3ajq" path="res://GameObjects/WanderArea.tscn" id="5_0wm0d"]

[sub_resource type="ProceduralSkyMaterial" id="ProceduralSkyMaterial_sxrdn"]
sky_horizon_color = Color(0.64625, 0.65575, 0.67075, 1)
ground_horizon_color = Color(0.64625, 0.65575, 0.67075, 1)

[sub_resource type="Sky" id="Sky_y375i"]
sky_material = SubResource("ProceduralSkyMaterial_sxrdn")

[sub_resource type="Environment" id="Environment_yii7y"]
background_mode = 2
sky = SubResource("Sky_y375i")
tonemap_mode = 2
ssr_enabled = true
ssao_enabled = true
ssao_power = 1.26134
ssil_enabled = true
sdfgi_enabled = true
sdfgi_use_occlusion = true
glow_enabled = true

[sub_resource type="NavigationMesh" id="NavigationMesh_wlgfj"]
vertices = PackedVector3Array(0.5, 0.75, -13, 5.5, 1.25, -13, 5.5, 1.25, -15.25, 0.5, 0.75, -15.25, 1.75, 1.25, -13, 1.75, 1.25, -15.25, 4, 0.5, 0.25, 4.25, 0.5, -1, 0.5, 0.5, -12, -24, 0.5, -23.75, -24, 0.5, 0.25, 0.75, 0.5, -16.25, 0.75, 0.5, -23.75, 10, 0.5, -9.25, 10, 0.5, -12, 5.75, 0.5, -1, 14.75, 0.5, -16.25, 14.75, 0.5, -23.75, 15.25, 0.5, -16, 24, 0.5, -14.75, 24, 0.5, -23.75, 15.25, 0.5, -14.5, 7.75, 0.5, -15, 7.75, 0.5, -13.25, 14, 0.5, -13.75, 14, 0.5, -15, 15.25, 0.5, -10.5, 24, 0.5, -10.25, 10.25, 0.5, -8.75, 6.25, 0.5, -0.75, 15, 0.5, -8.75, 6.25, 0.5, 0.75, 5, 0.5, 24, 24, 0.5, 24, 5, 0.5, 1.25, 4, 0.5, 1, -24, 0.5, 24)
polygons = [PackedInt32Array(3, 5, 0), PackedInt32Array(0, 5, 4), PackedInt32Array(4, 5, 2), PackedInt32Array(4, 2, 1), PackedInt32Array(7, 6, 8), PackedInt32Array(8, 6, 10), PackedInt32Array(8, 10, 9), PackedInt32Array(11, 3, 12), PackedInt32Array(12, 3, 9), PackedInt32Array(15, 7, 13), PackedInt32Array(13, 7, 14), PackedInt32Array(14, 7, 8), PackedInt32Array(9, 3, 0), PackedInt32Array(9, 0, 8), PackedInt32Array(12, 17, 11), PackedInt32Array(11, 17, 16), PackedInt32Array(16, 17, 18), PackedInt32Array(18, 17, 20), PackedInt32Array(18, 20, 19), PackedInt32Array(19, 21, 18), PackedInt32Array(25, 24, 22), PackedInt32Array(22, 24, 23), PackedInt32Array(21, 19, 26), PackedInt32Array(26, 19, 27), PackedInt32Array(29, 15, 28), PackedInt32Array(28, 15, 13), PackedInt32Array(30, 27, 31), PackedInt32Array(31, 27, 32), PackedInt32Array(32, 27, 33), PackedInt32Array(30, 26, 27), PackedInt32Array(29, 28, 31), PackedInt32Array(31, 28, 30), PackedInt32Array(32, 34, 31), PackedInt32Array(34, 32, 35), PackedInt32Array(35, 32, 36), PackedInt32Array(35, 36, 10), PackedInt32Array(10, 6, 35)]
geometry_parsed_geometry_type = 1
geometry_collision_mask = 4294967281
filter_baking_aabb = AABB(-25, 0, -25, 50, 1, 50)

[sub_resource type="StandardMaterial3D" id="StandardMaterial3D_d1ftt"]
albedo_color = Color(0.45, 0.275625, 0.0315, 1)

[sub_resource type="StandardMaterial3D" id="StandardMaterial3D_23j2p"]
albedo_color = Color(0, 1, 0.0666666, 1)

[sub_resource type="BoxShape3D" id="BoxShape3D_wlgfj"]
resource_local_to_scene = true
size = Vector3(10, 5, 10)

[sub_resource type="SphereMesh" id="SphereMesh_80lkt"]
radius = 0.25
height = 0.5

[sub_resource type="BoxShape3D" id="BoxShape3D_0wm0d"]
size = Vector3(18, 1, 10)

[node name="Node3D" type="Node3D"]

[node name="WorldEnvironment" type="WorldEnvironment" parent="."]
environment = SubResource("Environment_yii7y")

[node name="DirectionalLight3D" type="DirectionalLight3D" parent="."]
transform = Transform3D(-0.866025, -0.433013, 0.25, 0, 0.5, 0.866025, -0.5, 0.75, -0.433013, 0, 0, 0)
shadow_enabled = true
shadow_normal_bias = 10.0
shadow_blur = 0.0
directional_shadow_blend_splits = true
directional_shadow_fade_start = 0.1
directional_shadow_max_distance = 20.0

[node name="TestArea" type="NavigationRegion3D" parent="."]
navigation_mesh = SubResource("NavigationMesh_wlgfj")

[node name="Ground" type="CSGBox3D" parent="TestArea"]
gi_mode = 2
use_collision = true
size = Vector3(50, 0.25, 50)
material = SubResource("StandardMaterial3D_d1ftt")

[node name="CSGBox3D" type="CSGBox3D" parent="TestArea"]
transform = Transform3D(1, 0, 0, 0, 1, 0, 0, 0, 1, 0, 5, -25)
use_collision = true
size = Vector3(50, 10, 1)

[node name="CSGBox3D2" type="CSGBox3D" parent="TestArea"]
transform = Transform3D(1, 0, 0, 0, 1, 0, 0, 0, 1, 0, 5, 25)
use_collision = true
size = Vector3(50, 10, 1)

[node name="CSGBox3D3" type="CSGBox3D" parent="TestArea"]
transform = Transform3D(-4.37114e-08, 0, 1, 0, 1, 0, -1, 0, -4.37114e-08, 25, 5, 0)
use_collision = true
size = Vector3(50, 10, 1)

[node name="CSGBox3D4" type="CSGBox3D" parent="TestArea"]
transform = Transform3D(-4.37114e-08, 0, 1, 0, 1, 0, -1, 0, -4.37114e-08, -25, 5, 0)
use_collision = true
size = Vector3(50, 10, 1)

[node name="ScaleBox" type="CSGBox3D" parent="TestArea"]
transform = Transform3D(1, 0, 0, 0, 1, 0, 0, 0, 1, 5, 1.08172, 0)
use_collision = true
material = SubResource("StandardMaterial3D_23j2p")

[node name="Node3D" type="Node3D" parent="TestArea"]

[node name="CSGBox3D" type="CSGBox3D" parent="TestArea/Node3D"]
transform = Transform3D(0.965926, -0.258819, 0, 0.258819, 0.965926, 0, 0, 0, 1, 1.01581, 0.0406982, -14.2384)
use_collision = true
collision_layer = 13
size = Vector3(2.75671, 0.905762, 3)

[node name="CSGBox3D2" type="CSGBox3D" parent="TestArea/Node3D"]
transform = Transform3D(1, 2.98023e-08, 0, -2.98023e-08, 1, 0, 0, 0, 1, 3.99927, 0.372286, -14.2384)
use_collision = true
collision_layer = 13
size = Vector3(3.53021, 0.905762, 3)

[node name="CSGBox3D3" type="CSGBox3D" parent="TestArea/Node3D"]
transform = Transform3D(1, 2.98023e-08, 0, -2.98023e-08, 1, 0, 0, 0, 1, 10.9253, 0.734774, -14.2384)
use_collision = true
collision_layer = 13
size = Vector3(7.52429, 1.63074, 3)

[node name="CSGBox3D4" type="CSGBox3D" parent="TestArea/Node3D"]
transform = Transform3D(-4.37114e-08, -1.3027e-15, -1, -2.98023e-08, 1, 0, 1, 2.98023e-08, -4.37114e-08, 12.7135, 0.734774, -12.5052)
use_collision = true
collision_layer = 13
size = Vector3(1, 1.63074, 4)

[node name="CSGBox3D6" type="CSGBox3D" parent="TestArea/Node3D"]
transform = Transform3D(-4.37114e-08, -1.3027e-15, -1, -2.98023e-08, 1, 0, 1, 2.98023e-08, -4.37114e-08, 12.7135, 2.63412, -4.04154)
use_collision = true
collision_layer = 13
size = Vector3(7.8543, 1.63074, 4)

[node name="CSGBox3D5" type="CSGBox3D" parent="TestArea/Node3D"]
transform = Transform3D(-4.37114e-08, -1.06471e-15, -1, 0.424452, 0.90545, -1.85534e-08, 0.90545, -0.424452, -3.95785e-08, 12.7135, 1.76687, -9.64943)
use_collision = true
collision_layer = 13
size = Vector3(4.46465, 1.63074, 4)

[node name="Player" parent="." instance=ExtResource("1_q8s8h")]
transform = Transform3D(1, 0, 0, 0, 1, 0, 0, 0, 1, 0, 0.25, 0)

[node name="Enemies" type="Node3D" parent="."]

[node name="Enemy" parent="Enemies" instance=ExtResource("2_8bae3")]
transform = Transform3D(1, 0, 0, 0, 1, 0, 0, 0, 1, -15.9797, 1.15, 4.08789)

[node name="StateMachine" parent="Enemies/Enemy" index="0" node_paths=PackedStringArray("PatrolPath")]
PatrolPath = NodePath("../../../Waypoints")

[node name="GeneralSkeleton" parent="Enemies/Enemy/RigPivot/Rig" index="0"]
bones/0/position = Vector3(-0.0637087, -0.0216635, 0.0749928)
bones/0/rotation = Quaternion(-0.0310511, -0.0676643, -0.0343764, 0.996632)
bones/2/rotation = Quaternion(-0.00807511, -0.00923869, 0.0371759, 0.999233)
bones/3/rotation = Quaternion(0.0079854, -0.0143079, 0.0486773, 0.99868)
bones/4/rotation = Quaternion(0.00838202, -0.0129675, 0.0490013, 0.998679)
bones/5/rotation = Quaternion(0.0477528, 0.00487686, -0.02691, 0.998485)
bones/6/rotation = Quaternion(0.0477946, 0.00487016, -0.0269914, 0.998481)
bones/9/rotation = Quaternion(0.00279624, 0.026961, -0.07187, 0.997046)
bones/10/rotation = Quaternion(0.583378, 0.0578122, 0.799229, -0.132517)
bones/11/rotation = Quaternion(0.0282426, 0.70231, -0.0891266, 0.705704)
bones/12/rotation = Quaternion(0.22546, 0.703043, 0.161346, 0.654879)
bones/13/rotation = Quaternion(0.362052, 0.521091, -0.460872, -0.620467)
bones/14/rotation = Quaternion(-0.0733182, 0.186071, 0.0405881, 0.978956)
bones/16/rotation = Quaternion(0.0654328, -0.00433365, -0.217917, 0.973762)
bones/17/rotation = Quaternion(-0.336185, -0.621662, 0.407263, 0.578492)
bones/18/rotation = Quaternion(-0.00685528, 0.00554012, -0.142162, 0.989804)
bones/20/rotation = Quaternion(-0.10052, 0.680664, 0.167109, 0.706164)
bones/21/rotation = Quaternion(0.42953, 0.833552, 0.306887, -0.162835)
bones/22/rotation = Quaternion(-0.0179231, 0.00640528, -0.195053, 0.980608)
bones/25/rotation = Quaternion(0.00982276, 0.0488827, 0.106881, 0.993021)
bones/26/rotation = Quaternion(0.617373, -0.144586, -0.718245, -0.286477)
bones/27/rotation = Quaternion(0.018992, -0.703418, 0.0799628, 0.706008)
bones/28/rotation = Quaternion(0.138916, -0.652404, -0.114146, 0.736236)
bones/29/rotation = Quaternion(-0.574232, 0.450805, 0.572874, -0.372624)
bones/30/rotation = Quaternion(0.0228863, 0.195258, 0.0383443, 0.979735)
bones/32/rotation = Quaternion(0.0810208, 0.00545197, 0.222935, 0.971445)
bones/33/rotation = Quaternion(-0.536839, 0.459649, 0.589746, -0.390801)
bones/34/rotation = Quaternion(-0.00689478, 0.00374467, -0.0935299, 0.995586)
bones/36/rotation = Quaternion(-0.104564, -0.683108, -0.163184, 0.704132)
bones/37/rotation = Quaternion(0.16929, 0.303353, -0.824151, 0.447318)
bones/38/rotation = Quaternion(-0.0182213, 0.000416865, -0.0122824, 0.999758)
bones/43/rotation = Quaternion(-0.0771257, 0.00873931, 0.995136, -0.0606651)
bones/44/rotation = Quaternion(0.000228019, 0.981015, -0.186844, -0.0519494)
bones/45/rotation = Quaternion(-0.0196908, 0.593846, -0.804059, 0.0211814)
bones/46/rotation = Quaternion(0.0014091, -6.41196e-08, -2.11634e-07, 0.999999)
bones/48/rotation = Quaternion(0.14265, 0.160558, 0.970962, -0.10538)
bones/49/rotation = Quaternion(-0.0253102, 0.987947, -0.150733, -0.0245074)
bones/50/rotation = Quaternion(-0.0449876, 0.728463, -0.681597, 0.0523815)
bones/51/rotation = Quaternion(-0.0201673, -1.01519e-08, -1.03655e-07, 0.999797)
bones/55/rotation = Quaternion(0.227152, 0.131925, -0.615502, 0.743071)

[node name="Item_WarriorSholderArmor" parent="Enemies/Enemy/RigPivot/Rig/GeneralSkeleton" index="0"]
transform = Transform3D(0.338614, 0.845875, -0.41211, -0.940385, 0.319079, -0.11775, 0.0318937, 0.427414, 0.903493, 0.228332, 1.35154, -0.025488)

[node name="Item_WarriorSholderArmor1" parent="Enemies/Enemy/RigPivot/Rig/GeneralSkeleton" index="1"]
transform = Transform3D(0.750795, 0.409559, 0.518235, 0.397275, -0.90679, 0.141078, 0.527711, 0.0999613, -0.843522, 0.530228, 0.107544, 0.10485)

[node name="Item_Sword" parent="Enemies/Enemy/RigPivot/Rig/GeneralSkeleton" index="2"]
transform = Transform3D(0.959992, -0.195415, -0.200573, 0.208255, 0.977046, 0.0448391, 0.187206, -0.0848154, 0.978652, 0.0339862, 1.25643, -0.163178)

[node name="Item_SwordHolder" parent="Enemies/Enemy/RigPivot/Rig/GeneralSkeleton" index="3"]
transform = Transform3D(0.959992, -0.195415, -0.200573, 0.208255, 0.977046, 0.0448391, 0.187206, -0.0848154, 0.978652, 0.25072, 0.00220156, 0.102165)

[node name="Item_WaterCanteen" parent="Enemies/Enemy/RigPivot/Rig/GeneralSkeleton" index="4"]
transform = Transform3D(0.98848, 0.0727234, -0.132738, -0.0643192, 0.995708, 0.0665451, 0.137008, -0.0572409, 0.988915, -0.195752, 0.913552, -0.00142371)

[node name="Item_WaterBladder_01" parent="Enemies/Enemy/RigPivot/Rig/GeneralSkeleton" index="5"]
transform = Transform3D(0.98848, 0.0727234, -0.132738, -0.0643192, 0.995708, 0.0665451, 0.137008, -0.0572409, 0.988915, 0.1955, 0.737549, 0.0413454)

[node name="SM_Prop_SpellBook_03" parent="Enemies/Enemy/RigPivot/Rig/GeneralSkeleton" index="6"]
transform = Transform3D(0.206094, 0.950293, -0.233383, -0.896122, 0.0874898, -0.435099, -0.393053, 0.298811, 0.86961, 0.222552, 0.940712, 0.0268459)

[node name="Item_Pouch" parent="Enemies/Enemy/RigPivot/Rig/GeneralSkeleton" index="7"]
transform = Transform3D(1.04767, 0.0700476, -0.144315, -0.0681705, 1.05752, 0.0184101, 0.145211, -0.00891571, 1.04985, -0.0847316, -0.0887712, 0.0263519)

[node name="SM_Prop_Vials" parent="Enemies/Enemy/RigPivot/Rig/GeneralSkeleton" index="8"]
transform = Transform3D(-0.186769, 0.0727235, -0.979708, 0.0699737, 0.995708, 0.0605715, 0.979909, -0.057241, -0.191056, -0.187816, 0.91689, 0.00398681)

[node name="Item_SwordSheath" parent="Enemies/Enemy/RigPivot/Rig/GeneralSkeleton" index="9"]
transform = Transform3D(0.400595, -0.241513, 0.883852, 0.47775, 0.878183, 0.0234302, -0.781843, 0.412875, 0.467179, 0.242371, 0.718279, 0.000404261)

[node name="Item_Dagger" parent="Enemies/Enemy/RigPivot/Rig/GeneralSkeleton" index="10"]
transform = Transform3D(0.98848, 0.0727234, -0.132738, -0.0643192, 0.995708, 0.0665451, 0.137008, -0.0572409, 0.988915, 0.209313, 0.845297, 0.0582752)

[node name="Item_CoinBag" parent="Enemies/Enemy/RigPivot/Rig/GeneralSkeleton" index="11"]
transform = Transform3D(0.98848, 0.0727234, -0.132738, -0.0643192, 0.995708, 0.0665451, 0.137008, -0.0572409, 0.988915, -0.206399, 0.868586, 0.00535781)

[node name="RightHandAttachment" parent="Enemies/Enemy/RigPivot" index="1"]
transform = Transform3D(-0.0095402, -0.0619206, 0.998035, 0.370782, -0.92715, -0.0539785, 0.928671, 0.369539, 0.0318042, -0.263735, 0.692508, -0.107464)

[node name="MeleeAttack" parent="Enemies/Enemy" index="5"]
transform = Transform3D(-0.0095402, -0.0619206, 0.998035, 0.370782, -0.92715, -0.0539785, 0.928671, 0.369539, 0.0318042, -0.263735, -0.307492, -0.107464)

[node name="Enemy2" parent="Enemies" instance=ExtResource("2_8bae3")]
transform = Transform3D(1, 0, 0, 0, 1, 0, 0, 0, 1, -4.83837, 1.15, 14.0983)

[node name="Enemy3" parent="Enemies" instance=ExtResource("2_8bae3")]
transform = Transform3D(1, 0, 0, 0, 1, 0, 0, 0, 1, 7.19112, 1.15, 19.2467)

[node name="StateMachine" parent="Enemies/Enemy3" index="0" node_paths=PackedStringArray("WanderArea")]
WanderArea = NodePath("../../../WanderArea")

[node name="GeneralSkeleton" parent="Enemies/Enemy3/RigPivot/Rig" index="0"]
bones/0/position = Vector3(-0.0637087, -0.0216635, 0.0749928)
bones/0/rotation = Quaternion(-0.0310511, -0.0676643, -0.0343764, 0.996632)
bones/2/rotation = Quaternion(-0.00807511, -0.00923869, 0.0371759, 0.999233)
bones/3/rotation = Quaternion(0.0079854, -0.0143079, 0.0486773, 0.99868)
bones/4/rotation = Quaternion(0.00838202, -0.0129675, 0.0490013, 0.998679)
bones/5/rotation = Quaternion(0.0477528, 0.00487686, -0.02691, 0.998485)
bones/6/rotation = Quaternion(0.0477946, 0.00487016, -0.0269914, 0.998481)
bones/9/rotation = Quaternion(0.00279624, 0.026961, -0.07187, 0.997046)
bones/10/rotation = Quaternion(0.583378, 0.0578122, 0.799229, -0.132517)
bones/11/rotation = Quaternion(0.0282426, 0.70231, -0.0891266, 0.705704)
bones/12/rotation = Quaternion(0.22546, 0.703043, 0.161346, 0.654879)
bones/13/rotation = Quaternion(0.362052, 0.521091, -0.460872, -0.620467)
bones/14/rotation = Quaternion(-0.0733182, 0.186071, 0.0405881, 0.978956)
bones/16/rotation = Quaternion(0.0654328, -0.00433365, -0.217917, 0.973762)
bones/17/rotation = Quaternion(-0.336185, -0.621662, 0.407263, 0.578492)
bones/18/rotation = Quaternion(-0.00685528, 0.00554012, -0.142162, 0.989804)
bones/20/rotation = Quaternion(-0.10052, 0.680664, 0.167109, 0.706164)
bones/21/rotation = Quaternion(0.42953, 0.833552, 0.306887, -0.162835)
bones/22/rotation = Quaternion(-0.0179231, 0.00640528, -0.195053, 0.980608)
bones/25/rotation = Quaternion(0.00982276, 0.0488827, 0.106881, 0.993021)
bones/26/rotation = Quaternion(0.617373, -0.144586, -0.718245, -0.286477)
bones/27/rotation = Quaternion(0.018992, -0.703418, 0.0799628, 0.706008)
bones/28/rotation = Quaternion(0.138916, -0.652404, -0.114146, 0.736236)
bones/29/rotation = Quaternion(-0.574232, 0.450805, 0.572874, -0.372624)
bones/30/rotation = Quaternion(0.0228863, 0.195258, 0.0383443, 0.979735)
bones/32/rotation = Quaternion(0.0810208, 0.00545197, 0.222935, 0.971445)
bones/33/rotation = Quaternion(-0.536839, 0.459649, 0.589746, -0.390801)
bones/34/rotation = Quaternion(-0.00689478, 0.00374467, -0.0935299, 0.995586)
bones/36/rotation = Quaternion(-0.104564, -0.683108, -0.163184, 0.704132)
bones/37/rotation = Quaternion(0.16929, 0.303353, -0.824151, 0.447318)
bones/38/rotation = Quaternion(-0.0182213, 0.000416865, -0.0122824, 0.999758)
bones/43/rotation = Quaternion(-0.0771257, 0.00873931, 0.995136, -0.0606651)
bones/44/rotation = Quaternion(0.000228019, 0.981015, -0.186844, -0.0519494)
bones/45/rotation = Quaternion(-0.0196908, 0.593846, -0.804059, 0.0211814)
bones/46/rotation = Quaternion(0.0014091, -6.41196e-08, -2.11634e-07, 0.999999)
bones/48/rotation = Quaternion(0.14265, 0.160558, 0.970962, -0.10538)
bones/49/rotation = Quaternion(-0.0253102, 0.987947, -0.150733, -0.0245074)
bones/50/rotation = Quaternion(-0.0449876, 0.728463, -0.681597, 0.0523815)
bones/51/rotation = Quaternion(-0.0201673, -1.01519e-08, -1.03655e-07, 0.999797)
bones/55/rotation = Quaternion(0.227152, 0.131925, -0.615502, 0.743071)

[node name="Item_WarriorSholderArmor" parent="Enemies/Enemy3/RigPivot/Rig/GeneralSkeleton" index="0"]
transform = Transform3D(0.338614, 0.845875, -0.41211, -0.940385, 0.319079, -0.11775, 0.0318937, 0.427414, 0.903493, 0.228332, 1.35154, -0.025488)

[node name="Item_WarriorSholderArmor1" parent="Enemies/Enemy3/RigPivot/Rig/GeneralSkeleton" index="1"]
transform = Transform3D(0.750795, 0.409559, 0.518235, 0.397275, -0.90679, 0.141078, 0.527711, 0.0999613, -0.843522, 0.530228, 0.107544, 0.10485)

[node name="Item_Sword" parent="Enemies/Enemy3/RigPivot/Rig/GeneralSkeleton" index="2"]
transform = Transform3D(0.959992, -0.195415, -0.200573, 0.208255, 0.977046, 0.0448391, 0.187206, -0.0848154, 0.978652, 0.0339862, 1.25643, -0.163178)

[node name="Item_SwordHolder" parent="Enemies/Enemy3/RigPivot/Rig/GeneralSkeleton" index="3"]
transform = Transform3D(0.959992, -0.195415, -0.200573, 0.208255, 0.977046, 0.0448391, 0.187206, -0.0848154, 0.978652, 0.25072, 0.00220156, 0.102165)

[node name="Item_WaterCanteen" parent="Enemies/Enemy3/RigPivot/Rig/GeneralSkeleton" index="4"]
transform = Transform3D(0.98848, 0.0727234, -0.132738, -0.0643192, 0.995708, 0.0665451, 0.137008, -0.0572409, 0.988915, -0.195752, 0.913552, -0.00142371)

[node name="Item_WaterBladder_01" parent="Enemies/Enemy3/RigPivot/Rig/GeneralSkeleton" index="5"]
transform = Transform3D(0.98848, 0.0727234, -0.132738, -0.0643192, 0.995708, 0.0665451, 0.137008, -0.0572409, 0.988915, 0.1955, 0.737549, 0.0413454)

[node name="SM_Prop_SpellBook_03" parent="Enemies/Enemy3/RigPivot/Rig/GeneralSkeleton" index="6"]
transform = Transform3D(0.206094, 0.950293, -0.233383, -0.896122, 0.0874898, -0.435099, -0.393053, 0.298811, 0.86961, 0.222552, 0.940712, 0.0268459)

[node name="Item_Pouch" parent="Enemies/Enemy3/RigPivot/Rig/GeneralSkeleton" index="7"]
transform = Transform3D(1.04767, 0.0700476, -0.144315, -0.0681705, 1.05752, 0.0184101, 0.145211, -0.00891571, 1.04985, -0.0847316, -0.0887712, 0.0263519)

[node name="SM_Prop_Vials" parent="Enemies/Enemy3/RigPivot/Rig/GeneralSkeleton" index="8"]
transform = Transform3D(-0.186769, 0.0727235, -0.979708, 0.0699737, 0.995708, 0.0605715, 0.979909, -0.057241, -0.191056, -0.187816, 0.91689, 0.00398681)

[node name="Item_SwordSheath" parent="Enemies/Enemy3/RigPivot/Rig/GeneralSkeleton" index="9"]
transform = Transform3D(0.400595, -0.241513, 0.883852, 0.47775, 0.878183, 0.0234302, -0.781843, 0.412875, 0.467179, 0.242371, 0.718279, 0.000404261)

[node name="Item_Dagger" parent="Enemies/Enemy3/RigPivot/Rig/GeneralSkeleton" index="10"]
transform = Transform3D(0.98848, 0.0727234, -0.132738, -0.0643192, 0.995708, 0.0665451, 0.137008, -0.0572409, 0.988915, 0.209313, 0.845297, 0.0582752)

[node name="Item_CoinBag" parent="Enemies/Enemy3/RigPivot/Rig/GeneralSkeleton" index="11"]
transform = Transform3D(0.98848, 0.0727234, -0.132738, -0.0643192, 0.995708, 0.0665451, 0.137008, -0.0572409, 0.988915, -0.206399, 0.868586, 0.00535781)

[node name="RightHandAttachment" parent="Enemies/Enemy3/RigPivot" index="1"]
transform = Transform3D(-0.0095402, -0.0619206, 0.998035, 0.370782, -0.92715, -0.0539785, 0.928671, 0.369539, 0.0318042, -0.263735, 0.692508, -0.107464)

[node name="MeleeAttack" parent="Enemies/Enemy3" index="5"]
transform = Transform3D(-0.0095402, -0.0619206, 0.998035, 0.370782, -0.92715, -0.0539785, 0.928671, 0.369539, 0.0318042, -0.263735, -0.307492, -0.107464)

[node name="Enemy4" parent="Enemies" instance=ExtResource("2_8bae3")]
transform = Transform3D(1, 0, 0, 0, 1, 0, 0, 0, 1, 10.9305, 1.15, 6.2938)

[node name="DeathVolume" parent="." instance=ExtResource("3_wlgfj")]
transform = Transform3D(1, 0, 0, 0, 1, 0, 0, 0, 1, 19.7564, 2.59898, -5.08708)
isInstaKill = true

[node name="CollisionShape3D" parent="DeathVolume" index="0"]
shape = SubResource("BoxShape3D_wlgfj")

[node name="Waypoints" parent="." instance=ExtResource("4_75pta")]
transform = Transform3D(1, 0, 0, 0, 1, 0, 0, 0, 1, -15.2026, 0.625001, 11.04)

[node name="Waypoint" parent="Waypoints" index="0"]
mesh = SubResource("SphereMesh_80lkt")

[node name="Waypoint2" type="MeshInstance3D" parent="Waypoints"]
transform = Transform3D(1, 0, 0, 0, 1, 0, 0, 0, 1, 0, 0, -15.3865)
layers = 2
cast_shadow = 0
gi_mode = 0
mesh = SubResource("SphereMesh_80lkt")

[node name="Waypoint3" type="MeshInstance3D" parent="Waypoints"]
transform = Transform3D(1, 0, 0, 0, 1, 0, 0, 0, 1, -7.49357, 0, -6.55849)
layers = 2
cast_shadow = 0
gi_mode = 0
mesh = SubResource("SphereMesh_80lkt")

[node name="WanderArea" parent="." instance=ExtResource("5_0wm0d")]
transform = Transform3D(1, 0, 0, 0, 1, 0, 0, 0, 1, 6.71637, 0, 19.234)
collision_layer = 0
collision_mask = 0
monitoring = false
monitorable = false

[node name="CollisionShape3D" parent="WanderArea" index="0"]
transform = Transform3D(1, 0, 0, 0, 1, 0, 0, 0, 1, 0, 1, 0)
shape = SubResource("BoxShape3D_0wm0d")
debug_color = Color(1, 0.22, 0.584, 1)

[editable path="Enemies/Enemy"]
[editable path="Enemies/Enemy/RigPivot/Rig"]
[editable path="Enemies/Enemy3"]
[editable path="Enemies/Enemy3/RigPivot/Rig"]
[editable path="DeathVolume"]
[editable path="Waypoints"]
[editable path="WanderArea"]
