[gd_scene load_steps=15 format=3 uid="uid://rpyfcr6vqlwt"]

[ext_resource type="PackedScene" uid="uid://ccfguhc7e2tg1" path="res://GameObjects/Player.tscn" id="1_q8s8h"]
[ext_resource type="PackedScene" uid="uid://cy5lmq1djweto" path="res://GameObjects/BaseEnemy.tscn" id="2_8bae3"]
[ext_resource type="PackedScene" uid="uid://dq0gvhexaojdi" path="res://GameObjects/DeathVolume.tscn" id="3_wlgfj"]
[ext_resource type="PackedScene" uid="uid://biu2mf8jdcjiw" path="res://GameObjects/Waypoints.tscn" id="4_75pta"]
[ext_resource type="PackedScene" uid="uid://dmmink57j3ajq" path="res://GameObjects/WanderArea.tscn" id="5_0wm0d"]

[sub_resource type="ProceduralSkyMaterial" id="ProceduralSkyMaterial_sxrdn"]
sky_horizon_color = Color(0.64625, 0.65575, 0.67075, 1)
ground_horizon_color = Color(0.64625, 0.65575, 0.67075, 1)

[sub_resource type="Sky" id="Sky_y375i"]
sky_material = SubResource("ProceduralSkyMaterial_sxrdn")

[sub_resource type="Environment" id="Environment_yii7y"]
background_mode = 2
sky = SubResource("Sky_y375i")
tonemap_mode = 2
ssr_enabled = true
ssao_enabled = true
ssao_power = 1.26134
ssil_enabled = true
sdfgi_enabled = true
sdfgi_use_occlusion = true
glow_enabled = true

[sub_resource type="NavigationMesh" id="NavigationMesh_wlgfj"]
vertices = PackedVector3Array(0.5, 0.75, -13, 5.5, 1.25, -13, 5.5, 1.25, -15.25, 0.5, 0.75, -15.25, 1.75, 1.25, -13, 1.75, 1.25, -15.25, 4, 0.5, 0.25, 4.25, 0.5, -1, 0.5, 0.5, -12, -24, 0.5, -23.75, -24, 0.5, 0.25, 0.75, 0.5, -16.25, 0.75, 0.5, -23.75, 10, 0.5, -9.25, 10, 0.5, -12, 5.75, 0.5, -1, 14.75, 0.5, -16.25, 14.75, 0.5, -23.75, 15.25, 0.5, -16, 24, 0.5, -14.75, 24, 0.5, -23.75, 15.25, 0.5, -14.5, 7.75, 0.5, -15, 7.75, 0.5, -13.25, 14, 0.5, -13.75, 14, 0.5, -15, 15.25, 0.5, -10.5, 24, 0.5, -10.25, 10.25, 0.5, -8.75, 6.25, 0.5, -0.75, 15, 0.5, -8.75, 6.25, 0.5, 0.75, 5, 0.5, 24, 24, 0.5, 24, 5, 0.5, 1.25, 4, 0.5, 1, -24, 0.5, 24)
polygons = [PackedInt32Array(3, 5, 0), PackedInt32Array(0, 5, 4), PackedInt32Array(4, 5, 2), PackedInt32Array(4, 2, 1), PackedInt32Array(7, 6, 8), PackedInt32Array(8, 6, 10), PackedInt32Array(8, 10, 9), PackedInt32Array(11, 3, 12), PackedInt32Array(12, 3, 9), PackedInt32Array(15, 7, 13), PackedInt32Array(13, 7, 14), PackedInt32Array(14, 7, 8), PackedInt32Array(9, 3, 0), PackedInt32Array(9, 0, 8), PackedInt32Array(12, 17, 11), PackedInt32Array(11, 17, 16), PackedInt32Array(16, 17, 18), PackedInt32Array(18, 17, 20), PackedInt32Array(18, 20, 19), PackedInt32Array(19, 21, 18), PackedInt32Array(25, 24, 22), PackedInt32Array(22, 24, 23), PackedInt32Array(21, 19, 26), PackedInt32Array(26, 19, 27), PackedInt32Array(29, 15, 28), PackedInt32Array(28, 15, 13), PackedInt32Array(30, 27, 31), PackedInt32Array(31, 27, 32), PackedInt32Array(32, 27, 33), PackedInt32Array(30, 26, 27), PackedInt32Array(29, 28, 31), PackedInt32Array(31, 28, 30), PackedInt32Array(32, 34, 31), PackedInt32Array(34, 32, 35), PackedInt32Array(35, 32, 36), PackedInt32Array(35, 36, 10), PackedInt32Array(10, 6, 35)]
geometry_parsed_geometry_type = 1
geometry_collision_mask = 4294967281
filter_baking_aabb = AABB(-25, 0, -25, 50, 1, 50)

[sub_resource type="StandardMaterial3D" id="StandardMaterial3D_d1ftt"]
albedo_color = Color(0.45, 0.275625, 0.0315, 1)

[sub_resource type="StandardMaterial3D" id="StandardMaterial3D_23j2p"]
albedo_color = Color(0, 1, 0.0666666, 1)

[sub_resource type="BoxShape3D" id="BoxShape3D_wlgfj"]
resource_local_to_scene = true
size = Vector3(10, 5, 10)

[sub_resource type="SphereMesh" id="SphereMesh_80lkt"]
radius = 0.25
height = 0.5

[sub_resource type="BoxShape3D" id="BoxShape3D_0wm0d"]
size = Vector3(18, 1, 10)

[node name="Node3D" type="Node3D"]

[node name="WorldEnvironment" type="WorldEnvironment" parent="."]
environment = SubResource("Environment_yii7y")

[node name="DirectionalLight3D" type="DirectionalLight3D" parent="."]
transform = Transform3D(-0.866025, -0.433013, 0.25, 0, 0.5, 0.866025, -0.5, 0.75, -0.433013, 0, 0, 0)
shadow_enabled = true
shadow_normal_bias = 10.0
shadow_blur = 0.0
directional_shadow_blend_splits = true
directional_shadow_fade_start = 0.1
directional_shadow_max_distance = 20.0

[node name="TestArea" type="NavigationRegion3D" parent="."]
navigation_mesh = SubResource("NavigationMesh_wlgfj")

[node name="Ground" type="CSGBox3D" parent="TestArea"]
gi_mode = 2
use_collision = true
size = Vector3(50, 0.25, 50)
material = SubResource("StandardMaterial3D_d1ftt")

[node name="CSGBox3D" type="CSGBox3D" parent="TestArea"]
transform = Transform3D(1, 0, 0, 0, 1, 0, 0, 0, 1, 0, 5, -25)
use_collision = true
size = Vector3(50, 10, 1)

[node name="CSGBox3D2" type="CSGBox3D" parent="TestArea"]
transform = Transform3D(1, 0, 0, 0, 1, 0, 0, 0, 1, 0, 5, 25)
use_collision = true
size = Vector3(50, 10, 1)

[node name="CSGBox3D3" type="CSGBox3D" parent="TestArea"]
transform = Transform3D(-4.37114e-08, 0, 1, 0, 1, 0, -1, 0, -4.37114e-08, 25, 5, 0)
use_collision = true
size = Vector3(50, 10, 1)

[node name="CSGBox3D4" type="CSGBox3D" parent="TestArea"]
transform = Transform3D(-4.37114e-08, 0, 1, 0, 1, 0, -1, 0, -4.37114e-08, -25, 5, 0)
use_collision = true
size = Vector3(50, 10, 1)

[node name="ScaleBox" type="CSGBox3D" parent="TestArea"]
transform = Transform3D(1, 0, 0, 0, 1, 0, 0, 0, 1, 5, 1.08172, 0)
use_collision = true
material = SubResource("StandardMaterial3D_23j2p")

[node name="Node3D" type="Node3D" parent="TestArea"]

[node name="CSGBox3D" type="CSGBox3D" parent="TestArea/Node3D"]
transform = Transform3D(0.965926, -0.258819, 0, 0.258819, 0.965926, 0, 0, 0, 1, 1.01581, 0.0406982, -14.2384)
use_collision = true
collision_layer = 13
size = Vector3(2.75671, 0.905762, 3)

[node name="CSGBox3D2" type="CSGBox3D" parent="TestArea/Node3D"]
transform = Transform3D(1, 2.98023e-08, 0, -2.98023e-08, 1, 0, 0, 0, 1, 3.99927, 0.372286, -14.2384)
use_collision = true
collision_layer = 13
size = Vector3(3.53021, 0.905762, 3)

[node name="CSGBox3D3" type="CSGBox3D" parent="TestArea/Node3D"]
transform = Transform3D(1, 2.98023e-08, 0, -2.98023e-08, 1, 0, 0, 0, 1, 10.9253, 0.734774, -14.2384)
use_collision = true
collision_layer = 13
size = Vector3(7.52429, 1.63074, 3)

[node name="CSGBox3D4" type="CSGBox3D" parent="TestArea/Node3D"]
transform = Transform3D(-4.37114e-08, -1.3027e-15, -1, -2.98023e-08, 1, 0, 1, 2.98023e-08, -4.37114e-08, 12.7135, 0.734774, -12.5052)
use_collision = true
collision_layer = 13
size = Vector3(1, 1.63074, 4)

[node name="CSGBox3D6" type="CSGBox3D" parent="TestArea/Node3D"]
transform = Transform3D(-4.37114e-08, -1.3027e-15, -1, -2.98023e-08, 1, 0, 1, 2.98023e-08, -4.37114e-08, 12.7135, 2.63412, -4.04154)
use_collision = true
collision_layer = 13
size = Vector3(7.8543, 1.63074, 4)

[node name="CSGBox3D5" type="CSGBox3D" parent="TestArea/Node3D"]
transform = Transform3D(-4.37114e-08, -1.06471e-15, -1, 0.424452, 0.90545, -1.85534e-08, 0.90545, -0.424452, -3.95785e-08, 12.7135, 1.76687, -9.64943)
use_collision = true
collision_layer = 13
size = Vector3(4.46465, 1.63074, 4)

[node name="Player" parent="." instance=ExtResource("1_q8s8h")]
transform = Transform3D(1, 0, 0, 0, 1, 0, 0, 0, 1, 0, 0.25, 0)

[node name="Enemies" type="Node3D" parent="."]

[node name="Enemy" parent="Enemies" instance=ExtResource("2_8bae3")]
transform = Transform3D(1, 0, 0, 0, 1, 0, 0, 0, 1, -15.9797, 1.15, 4.08789)

[node name="MeleeAttack" parent="Enemies/Enemy/Abilities" index="0"]
damageAmount = 0
abilityDuration = 0.0

[node name="StateMachine" parent="Enemies/Enemy" index="1" node_paths=PackedStringArray("PatrolPath")]
PatrolPath = NodePath("../../../Waypoints")

[node name="GeneralSkeleton" parent="Enemies/Enemy/RigPivot/Rig" index="0"]
bones/0/position = Vector3(-0.0581516, -0.0218303, 0.0781333)
bones/0/rotation = Quaternion(-0.0319228, -0.068524, -0.0310284, 0.996656)
bones/2/rotation = Quaternion(-0.00839414, -0.00777665, 0.035159, 0.999316)
bones/3/rotation = Quaternion(0.00411873, -0.0124582, 0.0448376, 0.998908)
bones/4/rotation = Quaternion(0.00446241, -0.0114204, 0.0450978, 0.998907)
bones/5/rotation = Quaternion(0.0407635, 0.00312555, -0.0256294, 0.998835)
bones/6/rotation = Quaternion(0.0409453, 0.00303593, -0.0256256, 0.998828)
bones/9/rotation = Quaternion(0.00171599, 0.0365082, -0.0616194, 0.99743)
bones/10/rotation = Quaternion(0.593227, 0.0479543, 0.790879, -0.142449)
bones/11/rotation = Quaternion(0.057495, 0.698013, -0.11803, 0.703947)
bones/12/rotation = Quaternion(0.204577, 0.699189, 0.13632, 0.671342)
bones/25/rotation = Quaternion(0.00773434, 0.0276296, 0.0963364, 0.994935)
bones/26/rotation = Quaternion(0.622469, -0.135503, -0.716727, -0.28368)
bones/27/rotation = Quaternion(0.0315579, -0.701884, 0.0924057, 0.705566)
bones/28/rotation = Quaternion(0.130276, -0.656965, -0.104859, 0.735139)
bones/29/rotation = Quaternion(-0.576108, 0.445275, 0.573632, -0.3752)
bones/30/rotation = Quaternion(0.0377156, 0.18609, 0.0494651, 0.980562)
bones/32/rotation = Quaternion(0.0833226, 0.00552965, 0.224449, 0.970901)
bones/33/rotation = Quaternion(-0.530141, 0.467231, 0.584516, -0.398732)
bones/34/rotation = Quaternion(-0.00689453, 0.0037596, -0.0939021, 0.995551)
bones/36/rotation = Quaternion(-0.102503, -0.681922, -0.165064, 0.705145)
bones/37/rotation = Quaternion(0.173581, 0.300703, -0.817462, 0.459569)
bones/38/rotation = Quaternion(-0.0182165, -0.00120099, 0.0354304, 0.999205)
bones/43/rotation = Quaternion(-0.0803841, 0.00869304, 0.995174, -0.0556027)
bones/44/rotation = Quaternion(-0.0014247, 0.980741, -0.189422, -0.0475807)
bones/45/rotation = Quaternion(-0.020326, 0.592312, -0.805156, 0.0218386)
bones/46/rotation = Quaternion(0.00148091, -5.8607e-08, -2.06121e-07, 0.999999)
bones/48/rotation = Quaternion(0.141378, 0.156629, 0.972144, -0.102056)
bones/49/rotation = Quaternion(-0.0258872, 0.988404, -0.148066, -0.0215196)
bones/50/rotation = Quaternion(-0.0453797, 0.728242, -0.681772, 0.0528366)
bones/51/rotation = Quaternion(-0.0201167, -1.83126e-08, -1.03919e-07, 0.999798)

[node name="Item_WarriorSholderArmor" parent="Enemies/Enemy/RigPivot/Rig/GeneralSkeleton" index="0"]
transform = Transform3D(0.348218, 0.865573, -0.359899, -0.937299, 0.327508, -0.119205, 0.0146892, 0.378842, 0.925345, 0.229015, 1.3511, -0.0339261)

[node name="Item_WarriorSholderArmor1" parent="Enemies/Enemy/RigPivot/Rig/GeneralSkeleton" index="1"]
transform = Transform3D(0.743207, 0.37491, 0.554153, 0.374323, -0.919494, 0.120054, 0.55455, 0.118207, -0.823712, 0.483953, 0.0896264, 0.131321)

[node name="Item_Sword" parent="Enemies/Enemy/RigPivot/Rig/GeneralSkeleton" index="2"]
transform = Transform3D(0.964187, -0.180142, -0.194658, 0.195574, 0.97866, 0.0630418, 0.179148, -0.0988541, 0.978843, 0.0323433, 1.25383, -0.16339)

[node name="Item_SwordHolder" parent="Enemies/Enemy/RigPivot/Rig/GeneralSkeleton" index="3"]
transform = Transform3D(0.964187, -0.180142, -0.194658, 0.195574, 0.97866, 0.0630418, 0.179148, -0.0988541, 0.978843, 0.230303, 0.000473857, 0.120126)

[node name="Item_WaterCanteen" parent="Enemies/Enemy/RigPivot/Rig/GeneralSkeleton" index="4"]
transform = Transform3D(0.988683, 0.0662242, -0.134609, -0.0574743, 0.996036, 0.0678844, 0.138571, -0.0593796, 0.988571, -0.196262, 0.912317, -0.000579409)

[node name="Item_WaterBladder_01" parent="Enemies/Enemy/RigPivot/Rig/GeneralSkeleton" index="5"]
transform = Transform3D(0.988683, 0.0662242, -0.134609, -0.0574743, 0.996036, 0.0678844, 0.138571, -0.0593796, 0.988571, 0.196082, 0.739002, 0.0431476)

[node name="SM_Prop_SpellBook_03" parent="Enemies/Enemy/RigPivot/Rig/GeneralSkeleton" index="6"]
transform = Transform3D(0.212582, 0.94926, -0.231763, -0.895619, 0.0944416, -0.43468, -0.390737, 0.299976, 0.870252, 0.221812, 0.942307, 0.0282293)

[node name="Item_Pouch" parent="Enemies/Enemy/RigPivot/Rig/GeneralSkeleton" index="7"]
transform = Transform3D(1.04788, 0.0630698, -0.145956, -0.0609157, 1.05794, 0.0198106, 0.146868, -0.0111977, 1.04959, -0.07866, -0.0891845, 0.0296136)

[node name="SM_Prop_Vials" parent="Enemies/Enemy/RigPivot/Rig/GeneralSkeleton" index="8"]
transform = Transform3D(-0.188648, 0.0662242, -0.979809, 0.0709354, 0.996036, 0.0536634, 0.97948, -0.0593797, -0.192598, -0.188356, 0.91572, 0.00483496)

[node name="Item_SwordSheath" parent="Enemies/Enemy/RigPivot/Rig/GeneralSkeleton" index="9"]
transform = Transform3D(0.398562, -0.247911, 0.883, 0.478633, 0.877491, 0.0303219, -0.782342, 0.410548, 0.468393, 0.243139, 0.71995, 0.00231732)

[node name="Item_Dagger" parent="Enemies/Enemy/RigPivot/Rig/GeneralSkeleton" index="10"]
transform = Transform3D(0.988683, 0.0662242, -0.134609, -0.0574743, 0.996036, 0.0678844, 0.138571, -0.0593796, 0.988571, 0.209158, 0.846876, 0.0598544)

[node name="Item_CoinBag" parent="Enemies/Enemy/RigPivot/Rig/GeneralSkeleton" index="11"]
transform = Transform3D(0.988683, 0.0662242, -0.134609, -0.0574743, 0.996036, 0.0678844, 0.138571, -0.0593796, 0.988571, -0.206621, 0.867298, 0.00628811)

[node name="RightHandAttachment" parent="Enemies/Enemy/RigPivot" index="1"]
transform = Transform3D(-0.0384143, -0.0892665, 0.995266, 0.374377, -0.924743, -0.0684914, 0.92648, 0.369974, 0.0689424, -0.270081, 0.699422, -0.109028)

[node name="MeleeAttack" parent="Enemies/Enemy" index="6"]
transform = Transform3D(-0.0384143, -0.0892665, 0.995266, 0.374377, -0.924743, -0.0684914, 0.92648, 0.369974, 0.0689424, -0.270081, -0.300578, -0.109028)

[node name="Enemy2" parent="Enemies" instance=ExtResource("2_8bae3")]
transform = Transform3D(1, 0, 0, 0, 1, 0, 0, 0, 1, -4.83837, 1.15, 14.0983)

[node name="Enemy3" parent="Enemies" instance=ExtResource("2_8bae3")]
transform = Transform3D(1, 0, 0, 0, 1, 0, 0, 0, 1, 7.19112, 1.15, 19.2467)

[node name="MeleeAttack" parent="Enemies/Enemy3/Abilities" index="0"]
damageAmount = 0
abilityDuration = 0.0

[node name="StateMachine" parent="Enemies/Enemy3" index="1" node_paths=PackedStringArray("WanderArea")]
WanderArea = NodePath("../../../WanderArea")

[node name="GeneralSkeleton" parent="Enemies/Enemy3/RigPivot/Rig" index="0"]
bones/0/position = Vector3(-0.0581516, -0.0218303, 0.0781333)
bones/0/rotation = Quaternion(-0.0319228, -0.068524, -0.0310284, 0.996656)
bones/2/rotation = Quaternion(-0.00839414, -0.00777665, 0.035159, 0.999316)
bones/3/rotation = Quaternion(0.00411873, -0.0124582, 0.0448376, 0.998908)
bones/4/rotation = Quaternion(0.00446241, -0.0114204, 0.0450978, 0.998907)
bones/5/rotation = Quaternion(0.0407635, 0.00312555, -0.0256294, 0.998835)
bones/6/rotation = Quaternion(0.0409453, 0.00303593, -0.0256256, 0.998828)
bones/9/rotation = Quaternion(0.00171599, 0.0365082, -0.0616194, 0.99743)
bones/10/rotation = Quaternion(0.593227, 0.0479543, 0.790879, -0.142449)
bones/11/rotation = Quaternion(0.057495, 0.698013, -0.11803, 0.703947)
bones/12/rotation = Quaternion(0.204577, 0.699189, 0.13632, 0.671342)
bones/25/rotation = Quaternion(0.00773434, 0.0276296, 0.0963364, 0.994935)
bones/26/rotation = Quaternion(0.622469, -0.135503, -0.716727, -0.28368)
bones/27/rotation = Quaternion(0.0315579, -0.701884, 0.0924057, 0.705566)
bones/28/rotation = Quaternion(0.130276, -0.656965, -0.104859, 0.735139)
bones/29/rotation = Quaternion(-0.576108, 0.445275, 0.573632, -0.3752)
bones/30/rotation = Quaternion(0.0377156, 0.18609, 0.0494651, 0.980562)
bones/32/rotation = Quaternion(0.0833226, 0.00552965, 0.224449, 0.970901)
bones/33/rotation = Quaternion(-0.530141, 0.467231, 0.584516, -0.398732)
bones/34/rotation = Quaternion(-0.00689453, 0.0037596, -0.0939021, 0.995551)
bones/36/rotation = Quaternion(-0.102503, -0.681922, -0.165064, 0.705145)
bones/37/rotation = Quaternion(0.173581, 0.300703, -0.817462, 0.459569)
bones/38/rotation = Quaternion(-0.0182165, -0.00120099, 0.0354304, 0.999205)
bones/43/rotation = Quaternion(-0.0803841, 0.00869304, 0.995174, -0.0556027)
bones/44/rotation = Quaternion(-0.0014247, 0.980741, -0.189422, -0.0475807)
bones/45/rotation = Quaternion(-0.020326, 0.592312, -0.805156, 0.0218386)
bones/46/rotation = Quaternion(0.00148091, -5.8607e-08, -2.06121e-07, 0.999999)
bones/48/rotation = Quaternion(0.141378, 0.156629, 0.972144, -0.102056)
bones/49/rotation = Quaternion(-0.0258872, 0.988404, -0.148066, -0.0215196)
bones/50/rotation = Quaternion(-0.0453797, 0.728242, -0.681772, 0.0528366)
bones/51/rotation = Quaternion(-0.0201167, -1.83126e-08, -1.03919e-07, 0.999798)

[node name="Item_WarriorSholderArmor" parent="Enemies/Enemy3/RigPivot/Rig/GeneralSkeleton" index="0"]
transform = Transform3D(0.348218, 0.865573, -0.359899, -0.937299, 0.327508, -0.119205, 0.0146892, 0.378842, 0.925345, 0.229015, 1.3511, -0.0339261)

[node name="Item_WarriorSholderArmor1" parent="Enemies/Enemy3/RigPivot/Rig/GeneralSkeleton" index="1"]
transform = Transform3D(0.743207, 0.37491, 0.554153, 0.374323, -0.919494, 0.120054, 0.55455, 0.118207, -0.823712, 0.483953, 0.0896264, 0.131321)

[node name="Item_Sword" parent="Enemies/Enemy3/RigPivot/Rig/GeneralSkeleton" index="2"]
transform = Transform3D(0.964187, -0.180142, -0.194658, 0.195574, 0.97866, 0.0630418, 0.179148, -0.0988541, 0.978843, 0.0323433, 1.25383, -0.16339)

[node name="Item_SwordHolder" parent="Enemies/Enemy3/RigPivot/Rig/GeneralSkeleton" index="3"]
transform = Transform3D(0.964187, -0.180142, -0.194658, 0.195574, 0.97866, 0.0630418, 0.179148, -0.0988541, 0.978843, 0.230303, 0.000473857, 0.120126)

[node name="Item_WaterCanteen" parent="Enemies/Enemy3/RigPivot/Rig/GeneralSkeleton" index="4"]
transform = Transform3D(0.988683, 0.0662242, -0.134609, -0.0574743, 0.996036, 0.0678844, 0.138571, -0.0593796, 0.988571, -0.196262, 0.912317, -0.000579409)

[node name="Item_WaterBladder_01" parent="Enemies/Enemy3/RigPivot/Rig/GeneralSkeleton" index="5"]
transform = Transform3D(0.988683, 0.0662242, -0.134609, -0.0574743, 0.996036, 0.0678844, 0.138571, -0.0593796, 0.988571, 0.196082, 0.739002, 0.0431476)

[node name="SM_Prop_SpellBook_03" parent="Enemies/Enemy3/RigPivot/Rig/GeneralSkeleton" index="6"]
transform = Transform3D(0.212582, 0.94926, -0.231763, -0.895619, 0.0944416, -0.43468, -0.390737, 0.299976, 0.870252, 0.221812, 0.942307, 0.0282293)

[node name="Item_Pouch" parent="Enemies/Enemy3/RigPivot/Rig/GeneralSkeleton" index="7"]
transform = Transform3D(1.04788, 0.0630698, -0.145956, -0.0609157, 1.05794, 0.0198106, 0.146868, -0.0111977, 1.04959, -0.07866, -0.0891845, 0.0296136)

[node name="SM_Prop_Vials" parent="Enemies/Enemy3/RigPivot/Rig/GeneralSkeleton" index="8"]
transform = Transform3D(-0.188648, 0.0662242, -0.979809, 0.0709354, 0.996036, 0.0536634, 0.97948, -0.0593797, -0.192598, -0.188356, 0.91572, 0.00483496)

[node name="Item_SwordSheath" parent="Enemies/Enemy3/RigPivot/Rig/GeneralSkeleton" index="9"]
transform = Transform3D(0.398562, -0.247911, 0.883, 0.478633, 0.877491, 0.0303219, -0.782342, 0.410548, 0.468393, 0.243139, 0.71995, 0.00231732)

[node name="Item_Dagger" parent="Enemies/Enemy3/RigPivot/Rig/GeneralSkeleton" index="10"]
transform = Transform3D(0.988683, 0.0662242, -0.134609, -0.0574743, 0.996036, 0.0678844, 0.138571, -0.0593796, 0.988571, 0.209158, 0.846876, 0.0598544)

[node name="Item_CoinBag" parent="Enemies/Enemy3/RigPivot/Rig/GeneralSkeleton" index="11"]
transform = Transform3D(0.988683, 0.0662242, -0.134609, -0.0574743, 0.996036, 0.0678844, 0.138571, -0.0593796, 0.988571, -0.206621, 0.867298, 0.00628811)

[node name="RightHandAttachment" parent="Enemies/Enemy3/RigPivot" index="1"]
transform = Transform3D(-0.0384143, -0.0892665, 0.995266, 0.374377, -0.924743, -0.0684914, 0.92648, 0.369974, 0.0689424, -0.270082, 0.699422, -0.109028)

[node name="MeleeAttack" parent="Enemies/Enemy3" index="6"]
transform = Transform3D(-0.0384143, -0.0892665, 0.995266, 0.374377, -0.924743, -0.0684914, 0.92648, 0.369974, 0.0689424, -0.270082, -0.300578, -0.109028)

[node name="Enemy4" parent="Enemies" instance=ExtResource("2_8bae3")]
transform = Transform3D(1, 0, 0, 0, 1, 0, 0, 0, 1, 10.9305, 1.15, 6.2938)

[node name="DeathVolume" parent="." instance=ExtResource("3_wlgfj")]
transform = Transform3D(1, 0, 0, 0, 1, 0, 0, 0, 1, 19.7564, 2.59898, -5.08708)

[node name="CollisionShape3D" parent="DeathVolume" index="0"]
shape = SubResource("BoxShape3D_wlgfj")

[node name="Waypoints" parent="." instance=ExtResource("4_75pta")]
transform = Transform3D(1, 0, 0, 0, 1, 0, 0, 0, 1, -15.2026, 0.625001, 11.04)

[node name="Waypoint" parent="Waypoints" index="0"]
mesh = SubResource("SphereMesh_80lkt")

[node name="Waypoint2" type="MeshInstance3D" parent="Waypoints"]
transform = Transform3D(1, 0, 0, 0, 1, 0, 0, 0, 1, 0, 0, -15.3865)
layers = 2
cast_shadow = 0
gi_mode = 0
mesh = SubResource("SphereMesh_80lkt")

[node name="Waypoint3" type="MeshInstance3D" parent="Waypoints"]
transform = Transform3D(1, 0, 0, 0, 1, 0, 0, 0, 1, -7.49357, 0, -6.55849)
layers = 2
cast_shadow = 0
gi_mode = 0
mesh = SubResource("SphereMesh_80lkt")

[node name="WanderArea" parent="." instance=ExtResource("5_0wm0d")]
transform = Transform3D(1, 0, 0, 0, 1, 0, 0, 0, 1, 6.71637, 0, 19.234)
collision_layer = 0
collision_mask = 0
monitoring = false
monitorable = false

[node name="CollisionShape3D" parent="WanderArea" index="0"]
transform = Transform3D(1, 0, 0, 0, 1, 0, 0, 0, 1, 0, 1, 0)
shape = SubResource("BoxShape3D_0wm0d")
debug_color = Color(1, 0.22, 0.584, 1)

[editable path="Enemies/Enemy"]
[editable path="Enemies/Enemy/RigPivot/Rig"]
[editable path="Enemies/Enemy/MeleeAttack/Damager"]
[editable path="Enemies/Enemy3"]
[editable path="Enemies/Enemy3/RigPivot/Rig"]
[editable path="Enemies/Enemy3/MeleeAttack/Damager"]
[editable path="DeathVolume"]
[editable path="Waypoints"]
[editable path="WanderArea"]
