[gd_scene load_steps=15 format=3 uid="uid://rpyfcr6vqlwt"]

[ext_resource type="PackedScene" uid="uid://ccfguhc7e2tg1" path="res://GameObjects/Player.tscn" id="1_q8s8h"]
[ext_resource type="PackedScene" uid="uid://cy5lmq1djweto" path="res://GameObjects/BaseEnemy.tscn" id="2_8bae3"]
[ext_resource type="PackedScene" uid="uid://dq0gvhexaojdi" path="res://GameObjects/DeathVolume.tscn" id="3_wlgfj"]
[ext_resource type="PackedScene" uid="uid://biu2mf8jdcjiw" path="res://GameObjects/Waypoints.tscn" id="4_75pta"]
[ext_resource type="PackedScene" uid="uid://dmmink57j3ajq" path="res://GameObjects/WanderArea.tscn" id="5_0wm0d"]

[sub_resource type="ProceduralSkyMaterial" id="ProceduralSkyMaterial_sxrdn"]
sky_horizon_color = Color(0.64625, 0.65575, 0.67075, 1)
ground_horizon_color = Color(0.64625, 0.65575, 0.67075, 1)

[sub_resource type="Sky" id="Sky_y375i"]
sky_material = SubResource("ProceduralSkyMaterial_sxrdn")

[sub_resource type="Environment" id="Environment_yii7y"]
background_mode = 2
sky = SubResource("Sky_y375i")
tonemap_mode = 2
ssr_enabled = true
ssao_enabled = true
ssao_power = 1.26134
ssil_enabled = true
sdfgi_enabled = true
sdfgi_use_occlusion = true
glow_enabled = true

[sub_resource type="NavigationMesh" id="NavigationMesh_wlgfj"]
vertices = PackedVector3Array(0.5, 0.75, -13, 5.5, 1.25, -13, 5.5, 1.25, -15.25, 0.5, 0.75, -15.25, 1.75, 1.25, -13, 1.75, 1.25, -15.25, 4, 0.5, 0.25, 4.25, 0.5, -1, 0.5, 0.5, -12, -24, 0.5, -23.75, -24, 0.5, 0.25, 0.75, 0.5, -16.25, 0.75, 0.5, -23.75, 10, 0.5, -9.25, 10, 0.5, -12, 5.75, 0.5, -1, 14.75, 0.5, -16.25, 14.75, 0.5, -23.75, 15.25, 0.5, -16, 24, 0.5, -14.75, 24, 0.5, -23.75, 15.25, 0.5, -14.5, 7.75, 0.5, -15, 7.75, 0.5, -13.25, 14, 0.5, -13.75, 14, 0.5, -15, 15.25, 0.5, -10.5, 24, 0.5, -10.25, 10.25, 0.5, -8.75, 6.25, 0.5, -0.75, 15, 0.5, -8.75, 6.25, 0.5, 0.75, 5, 0.5, 24, 24, 0.5, 24, 5, 0.5, 1.25, 4, 0.5, 1, -24, 0.5, 24)
polygons = [PackedInt32Array(3, 5, 0), PackedInt32Array(0, 5, 4), PackedInt32Array(4, 5, 2), PackedInt32Array(4, 2, 1), PackedInt32Array(7, 6, 8), PackedInt32Array(8, 6, 10), PackedInt32Array(8, 10, 9), PackedInt32Array(11, 3, 12), PackedInt32Array(12, 3, 9), PackedInt32Array(15, 7, 13), PackedInt32Array(13, 7, 14), PackedInt32Array(14, 7, 8), PackedInt32Array(9, 3, 0), PackedInt32Array(9, 0, 8), PackedInt32Array(12, 17, 11), PackedInt32Array(11, 17, 16), PackedInt32Array(16, 17, 18), PackedInt32Array(18, 17, 20), PackedInt32Array(18, 20, 19), PackedInt32Array(19, 21, 18), PackedInt32Array(25, 24, 22), PackedInt32Array(22, 24, 23), PackedInt32Array(21, 19, 26), PackedInt32Array(26, 19, 27), PackedInt32Array(29, 15, 28), PackedInt32Array(28, 15, 13), PackedInt32Array(30, 27, 31), PackedInt32Array(31, 27, 32), PackedInt32Array(32, 27, 33), PackedInt32Array(30, 26, 27), PackedInt32Array(29, 28, 31), PackedInt32Array(31, 28, 30), PackedInt32Array(32, 34, 31), PackedInt32Array(34, 32, 35), PackedInt32Array(35, 32, 36), PackedInt32Array(35, 36, 10), PackedInt32Array(10, 6, 35)]
geometry_parsed_geometry_type = 1
geometry_collision_mask = 4294967281
filter_baking_aabb = AABB(-25, 0, -25, 50, 1, 50)

[sub_resource type="StandardMaterial3D" id="StandardMaterial3D_d1ftt"]
albedo_color = Color(0.45, 0.275625, 0.0315, 1)

[sub_resource type="StandardMaterial3D" id="StandardMaterial3D_23j2p"]
albedo_color = Color(0, 1, 0.0666666, 1)

[sub_resource type="BoxShape3D" id="BoxShape3D_wlgfj"]
resource_local_to_scene = true
size = Vector3(10, 5, 10)

[sub_resource type="SphereMesh" id="SphereMesh_80lkt"]
radius = 0.25
height = 0.5

[sub_resource type="BoxShape3D" id="BoxShape3D_0wm0d"]
size = Vector3(18, 1, 10)

[node name="Node3D" type="Node3D"]

[node name="WorldEnvironment" type="WorldEnvironment" parent="."]
environment = SubResource("Environment_yii7y")

[node name="DirectionalLight3D" type="DirectionalLight3D" parent="."]
transform = Transform3D(-0.866025, -0.433013, 0.25, 0, 0.5, 0.866025, -0.5, 0.75, -0.433013, 0, 0, 0)
shadow_enabled = true
shadow_normal_bias = 10.0
shadow_blur = 0.0
directional_shadow_blend_splits = true
directional_shadow_fade_start = 0.1
directional_shadow_max_distance = 20.0

[node name="TestArea" type="NavigationRegion3D" parent="."]
navigation_mesh = SubResource("NavigationMesh_wlgfj")

[node name="Ground" type="CSGBox3D" parent="TestArea"]
gi_mode = 2
use_collision = true
size = Vector3(50, 0.25, 50)
material = SubResource("StandardMaterial3D_d1ftt")

[node name="CSGBox3D" type="CSGBox3D" parent="TestArea"]
transform = Transform3D(1, 0, 0, 0, 1, 0, 0, 0, 1, 0, 5, -25)
use_collision = true
size = Vector3(50, 10, 1)

[node name="CSGBox3D2" type="CSGBox3D" parent="TestArea"]
transform = Transform3D(1, 0, 0, 0, 1, 0, 0, 0, 1, 0, 5, 25)
use_collision = true
size = Vector3(50, 10, 1)

[node name="CSGBox3D3" type="CSGBox3D" parent="TestArea"]
transform = Transform3D(-4.37114e-08, 0, 1, 0, 1, 0, -1, 0, -4.37114e-08, 25, 5, 0)
use_collision = true
size = Vector3(50, 10, 1)

[node name="CSGBox3D4" type="CSGBox3D" parent="TestArea"]
transform = Transform3D(-4.37114e-08, 0, 1, 0, 1, 0, -1, 0, -4.37114e-08, -25, 5, 0)
use_collision = true
size = Vector3(50, 10, 1)

[node name="ScaleBox" type="CSGBox3D" parent="TestArea"]
transform = Transform3D(1, 0, 0, 0, 1, 0, 0, 0, 1, 5.31723, 0.606116, 0)
use_collision = true
material = SubResource("StandardMaterial3D_23j2p")

[node name="Node3D" type="Node3D" parent="TestArea"]

[node name="CSGBox3D" type="CSGBox3D" parent="TestArea/Node3D"]
transform = Transform3D(0.965926, -0.258819, 0, 0.258819, 0.965926, 0, 0, 0, 1, 1.01581, 0.0406982, -14.2384)
use_collision = true
collision_layer = 13
size = Vector3(2.75671, 0.905762, 3)

[node name="CSGBox3D2" type="CSGBox3D" parent="TestArea/Node3D"]
transform = Transform3D(1, 2.98023e-08, 0, -2.98023e-08, 1, 0, 0, 0, 1, 3.99927, 0.372286, -14.2384)
use_collision = true
collision_layer = 13
size = Vector3(3.53021, 0.905762, 3)

[node name="CSGBox3D3" type="CSGBox3D" parent="TestArea/Node3D"]
transform = Transform3D(1, 2.98023e-08, 0, -2.98023e-08, 1, 0, 0, 0, 1, 10.9253, 0.734774, -14.2384)
use_collision = true
collision_layer = 13
size = Vector3(7.52429, 1.63074, 3)

[node name="CSGBox3D4" type="CSGBox3D" parent="TestArea/Node3D"]
transform = Transform3D(-4.37114e-08, -1.3027e-15, -1, -2.98023e-08, 1, 0, 1, 2.98023e-08, -4.37114e-08, 12.7135, 0.734774, -12.5052)
use_collision = true
collision_layer = 13
size = Vector3(1, 1.63074, 4)

[node name="CSGBox3D6" type="CSGBox3D" parent="TestArea/Node3D"]
transform = Transform3D(-4.37114e-08, -1.3027e-15, -1, -2.98023e-08, 1, 0, 1, 2.98023e-08, -4.37114e-08, 12.7135, 2.63412, -4.04154)
use_collision = true
collision_layer = 13
size = Vector3(7.8543, 1.63074, 4)

[node name="CSGBox3D5" type="CSGBox3D" parent="TestArea/Node3D"]
transform = Transform3D(-4.37114e-08, -1.06471e-15, -1, 0.424452, 0.90545, -1.85534e-08, 0.90545, -0.424452, -3.95785e-08, 12.7135, 1.76687, -9.64943)
use_collision = true
collision_layer = 13
size = Vector3(4.46465, 1.63074, 4)

[node name="Player" parent="." instance=ExtResource("1_q8s8h")]
transform = Transform3D(1, 0, 0, 0, 1, 0, 0, 0, 1, 0, 0.25, 0)

[node name="Enemies" type="Node3D" parent="."]

[node name="Enemy" parent="Enemies" instance=ExtResource("2_8bae3")]
transform = Transform3D(1, 0, 0, 0, 1, 0, 0, 0, 1, -15.9797, 1.15, 4.08789)

[node name="MeleeAttack" parent="Enemies/Enemy/Abilities" index="0"]
damageAmount = 0
abilityDuration = 0.0

[node name="StateMachine" parent="Enemies/Enemy" index="1" node_paths=PackedStringArray("PatrolPath")]
PatrolPath = NodePath("../../../Waypoints")

[node name="GeneralSkeleton" parent="Enemies/Enemy/RigPivot/Rig" index="0"]
bones/0/position = Vector3(-0.0572671, -0.0207957, 0.0955176)
bones/0/rotation = Quaternion(-0.0350899, -0.0758972, -0.0254185, 0.996174)
bones/2/rotation = Quaternion(-0.00756597, -0.00523553, 0.0328449, 0.999418)
bones/3/rotation = Quaternion(0.000994315, -0.00856286, 0.0405722, 0.999139)
bones/4/rotation = Quaternion(0.00122094, -0.00790887, 0.040708, 0.999139)
bones/5/rotation = Quaternion(0.0219458, 0.00389365, -0.0341324, 0.999169)
bones/6/rotation = Quaternion(0.0219456, 0.0038937, -0.0341326, 0.999169)
bones/9/rotation = Quaternion(0.00118616, 0.0423362, -0.0594282, 0.997334)
bones/10/rotation = Quaternion(0.647216, 0.0625161, 0.742408, -0.161349)
bones/11/rotation = Quaternion(0.0572268, 0.698058, -0.117765, 0.703969)
bones/12/rotation = Quaternion(0.194811, 0.684952, 0.141339, 0.687686)
bones/13/rotation = Quaternion(0.362052, 0.521091, -0.460872, -0.620467)
bones/14/rotation = Quaternion(-0.0733182, 0.186071, 0.0405881, 0.978956)
bones/16/rotation = Quaternion(0.0654328, -0.00433365, -0.217917, 0.973762)
bones/17/rotation = Quaternion(-0.336185, -0.621662, 0.407263, 0.578492)
bones/18/rotation = Quaternion(-0.00685528, 0.00554012, -0.142162, 0.989804)
bones/20/rotation = Quaternion(-0.10052, 0.680664, 0.167109, 0.706164)
bones/21/rotation = Quaternion(0.42953, 0.833552, 0.306887, -0.162835)
bones/22/rotation = Quaternion(-0.0179231, 0.00640528, -0.195053, 0.980608)
bones/25/rotation = Quaternion(0.00538561, -0.00230858, 0.0944714, 0.99551)
bones/26/rotation = Quaternion(0.616134, -0.156591, -0.714728, -0.291586)
bones/27/rotation = Quaternion(0.0438015, -0.700176, 0.104511, 0.704921)
bones/28/rotation = Quaternion(0.126091, -0.646248, -0.105057, 0.74527)
bones/29/rotation = Quaternion(-0.575239, 0.447837, 0.573285, -0.374013)
bones/30/rotation = Quaternion(0.0299172, 0.192455, 0.0444039, 0.979844)
bones/32/rotation = Quaternion(0.0822549, 0.00549452, 0.223747, 0.971155)
bones/33/rotation = Quaternion(-0.533256, 0.46373, 0.586952, -0.395069)
bones/34/rotation = Quaternion(-0.00689469, 0.00374963, -0.0936527, 0.995574)
bones/36/rotation = Quaternion(-0.10346, -0.682474, -0.164192, 0.704675)
bones/37/rotation = Quaternion(0.170961, 0.302332, -0.821575, 0.452087)
bones/38/rotation = Quaternion(-0.0182247, -0.000315426, 0.00931502, 0.999791)
bones/43/rotation = Quaternion(-0.0855408, -0.00732371, 0.995029, -0.0504623)
bones/44/rotation = Quaternion(-0.00534412, 0.983192, -0.179172, -0.0346872)
bones/45/rotation = Quaternion(-0.023992, 0.590239, -0.806478, 0.0251908)
bones/46/rotation = Quaternion(0.000862591, -1.06075e-07, -2.53589e-07, 1)
bones/48/rotation = Quaternion(0.145488, 0.140149, 0.973966, -0.102865)
bones/49/rotation = Quaternion(-0.0260702, 0.989407, -0.141978, -0.0153855)
bones/50/rotation = Quaternion(-0.0495424, 0.724133, -0.68551, 0.0570398)
bones/51/rotation = Quaternion(-0.020552, 5.19586e-08, -1.01652e-07, 0.999789)
bones/55/rotation = Quaternion(0.227152, 0.131925, -0.615502, 0.743071)

[node name="Item_WarriorSholderArmor" parent="Enemies/Enemy/RigPivot/Rig/GeneralSkeleton" index="0"]
transform = Transform3D(0.377906, 0.902362, -0.207194, -0.925814, 0.37011, -0.0767254, 0.00745071, 0.220818, 0.975286, 0.221139, 1.35137, -0.0363599)

[node name="Item_WarriorSholderArmor1" parent="Enemies/Enemy/RigPivot/Rig/GeneralSkeleton" index="1"]
transform = Transform3D(0.715049, 0.356889, 0.601112, 0.367991, -0.923251, 0.110406, 0.59438, 0.142258, -0.791502, 0.451277, 0.0860655, 0.175659)

[node name="Item_Sword" parent="Enemies/Enemy/RigPivot/Rig/GeneralSkeleton" index="2"]
transform = Transform3D(0.96729, -0.166625, -0.191278, 0.184781, 0.979415, 0.081249, 0.173803, -0.113936, 0.978167, 0.0220062, 1.25214, -0.154469)

[node name="Item_SwordHolder" parent="Enemies/Enemy/RigPivot/Rig/GeneralSkeleton" index="3"]
transform = Transform3D(0.96729, -0.166625, -0.191278, 0.184781, 0.979415, 0.081249, 0.173803, -0.113936, 0.978167, 0.203054, 0.000759125, 0.148417)

[node name="Item_WaterCanteen" parent="Enemies/Enemy/RigPivot/Rig/GeneralSkeleton" index="4"]
transform = Transform3D(0.987187, 0.055969, -0.14943, -0.0453161, 0.996245, 0.0737697, 0.152997, -0.066053, 0.986017, -0.204634, 0.911125, 0.00771304)

[node name="Item_WaterBladder_01" parent="Enemies/Enemy/RigPivot/Rig/GeneralSkeleton" index="5"]
transform = Transform3D(0.987187, 0.055969, -0.14943, -0.0453161, 0.996245, 0.0737697, 0.152997, -0.066053, 0.986017, 0.188952, 0.742564, 0.0583178)

[node name="SM_Prop_SpellBook_03" parent="Enemies/Enemy/RigPivot/Rig/GeneralSkeleton" index="6"]
transform = Transform3D(0.228087, 0.943779, -0.239286, -0.896075, 0.107352, -0.430728, -0.380824, 0.312662, 0.870182, 0.212627, 0.946027, 0.0422108)

[node name="Item_Pouch" parent="Enemies/Enemy/RigPivot/Rig/GeneralSkeleton" index="7"]
transform = Transform3D(1.0463, 0.0514393, -0.161109, -0.0480296, 1.05847, 0.0260299, 0.162159, -0.0183955, 1.04724, -0.0763307, -0.0887378, 0.0472289)

[node name="SM_Prop_Vials" parent="Enemies/Enemy/RigPivot/Rig/GeneralSkeleton" index="8"]
transform = Transform3D(-0.203364, 0.055969, -0.977502, 0.0761449, 0.996245, 0.0412007, 0.976138, -0.066053, -0.206862, -0.196845, 0.914656, 0.0132127)

[node name="Item_SwordSheath" parent="Enemies/Enemy/RigPivot/Rig/GeneralSkeleton" index="9"]
transform = Transform3D(0.404316, -0.263491, 0.875843, 0.47721, 0.877699, 0.0437545, -0.780256, 0.400271, 0.480608, 0.236795, 0.723736, 0.0183051)

[node name="Item_Dagger" parent="Enemies/Enemy/RigPivot/Rig/GeneralSkeleton" index="10"]
transform = Transform3D(0.987187, 0.055969, -0.14943, -0.0453161, 0.996245, 0.0737697, 0.152997, -0.066053, 0.986017, 0.200587, 0.8507, 0.0743825)

[node name="Item_CoinBag" parent="Enemies/Enemy/RigPivot/Rig/GeneralSkeleton" index="11"]
transform = Transform3D(0.987187, 0.055969, -0.14943, -0.0453161, 0.996245, 0.0737697, 0.152997, -0.066053, 0.986017, -0.214588, 0.866044, 0.0147773)

[node name="RightHandAttachment" parent="Enemies/Enemy/RigPivot" index="1"]
transform = Transform3D(-0.0858646, -0.168323, 0.981985, 0.424783, -0.897737, -0.116739, 0.901214, 0.407107, 0.148585, -0.307476, 0.708908, -0.0907893)

[node name="MeleeAttack" parent="Enemies/Enemy" index="6"]
transform = Transform3D(-0.0858646, -0.168323, 0.981985, 0.424783, -0.897737, -0.116739, 0.901214, 0.407107, 0.148585, -0.307476, -0.291092, -0.0907893)

[node name="Enemy2" parent="Enemies" instance=ExtResource("2_8bae3")]
transform = Transform3D(1, 0, 0, 0, 1, 0, 0, 0, 1, -4.83837, 1.15, 14.0983)

[node name="Enemy3" parent="Enemies" instance=ExtResource("2_8bae3")]
transform = Transform3D(1, 0, 0, 0, 1, 0, 0, 0, 1, 7.19112, 1.15, 19.2467)

[node name="MeleeAttack" parent="Enemies/Enemy3/Abilities" index="0"]
damageAmount = 0
abilityDuration = 0.0

[node name="StateMachine" parent="Enemies/Enemy3" index="1" node_paths=PackedStringArray("WanderArea")]
WanderArea = NodePath("../../../WanderArea")

[node name="GeneralSkeleton" parent="Enemies/Enemy3/RigPivot/Rig" index="0"]
bones/0/position = Vector3(-0.0572671, -0.0207957, 0.0955176)
bones/0/rotation = Quaternion(-0.0350899, -0.0758972, -0.0254185, 0.996174)
bones/2/rotation = Quaternion(-0.00756597, -0.00523553, 0.0328449, 0.999418)
bones/3/rotation = Quaternion(0.000994315, -0.00856286, 0.0405722, 0.999139)
bones/4/rotation = Quaternion(0.00122094, -0.00790887, 0.040708, 0.999139)
bones/5/rotation = Quaternion(0.0219458, 0.00389365, -0.0341324, 0.999169)
bones/6/rotation = Quaternion(0.0219456, 0.0038937, -0.0341326, 0.999169)
bones/9/rotation = Quaternion(0.00118616, 0.0423362, -0.0594282, 0.997334)
bones/10/rotation = Quaternion(0.647216, 0.0625161, 0.742408, -0.161349)
bones/11/rotation = Quaternion(0.0572268, 0.698058, -0.117765, 0.703969)
bones/12/rotation = Quaternion(0.194811, 0.684952, 0.141339, 0.687686)
bones/13/rotation = Quaternion(0.362052, 0.521091, -0.460872, -0.620467)
bones/14/rotation = Quaternion(-0.0733182, 0.186071, 0.0405881, 0.978956)
bones/16/rotation = Quaternion(0.0654328, -0.00433365, -0.217917, 0.973762)
bones/17/rotation = Quaternion(-0.336185, -0.621662, 0.407263, 0.578492)
bones/18/rotation = Quaternion(-0.00685528, 0.00554012, -0.142162, 0.989804)
bones/20/rotation = Quaternion(-0.10052, 0.680664, 0.167109, 0.706164)
bones/21/rotation = Quaternion(0.42953, 0.833552, 0.306887, -0.162835)
bones/22/rotation = Quaternion(-0.0179231, 0.00640528, -0.195053, 0.980608)
bones/25/rotation = Quaternion(0.00538561, -0.00230858, 0.0944714, 0.99551)
bones/26/rotation = Quaternion(0.616134, -0.156591, -0.714728, -0.291586)
bones/27/rotation = Quaternion(0.0438015, -0.700176, 0.104511, 0.704921)
bones/28/rotation = Quaternion(0.126091, -0.646248, -0.105057, 0.74527)
bones/29/rotation = Quaternion(-0.575239, 0.447837, 0.573285, -0.374013)
bones/30/rotation = Quaternion(0.0299172, 0.192455, 0.0444039, 0.979844)
bones/32/rotation = Quaternion(0.0822549, 0.00549452, 0.223747, 0.971155)
bones/33/rotation = Quaternion(-0.533256, 0.46373, 0.586952, -0.395069)
bones/34/rotation = Quaternion(-0.00689469, 0.00374963, -0.0936527, 0.995574)
bones/36/rotation = Quaternion(-0.10346, -0.682474, -0.164192, 0.704675)
bones/37/rotation = Quaternion(0.170961, 0.302332, -0.821575, 0.452087)
bones/38/rotation = Quaternion(-0.0182247, -0.000315426, 0.00931502, 0.999791)
bones/43/rotation = Quaternion(-0.0855408, -0.00732371, 0.995029, -0.0504623)
bones/44/rotation = Quaternion(-0.00534412, 0.983192, -0.179172, -0.0346872)
bones/45/rotation = Quaternion(-0.023992, 0.590239, -0.806478, 0.0251908)
bones/46/rotation = Quaternion(0.000862591, -1.06075e-07, -2.53589e-07, 1)
bones/48/rotation = Quaternion(0.145488, 0.140149, 0.973966, -0.102865)
bones/49/rotation = Quaternion(-0.0260702, 0.989407, -0.141978, -0.0153855)
bones/50/rotation = Quaternion(-0.0495424, 0.724133, -0.68551, 0.0570398)
bones/51/rotation = Quaternion(-0.020552, 5.19586e-08, -1.01652e-07, 0.999789)
bones/55/rotation = Quaternion(0.227152, 0.131925, -0.615502, 0.743071)

[node name="Item_WarriorSholderArmor" parent="Enemies/Enemy3/RigPivot/Rig/GeneralSkeleton" index="0"]
transform = Transform3D(0.377906, 0.902362, -0.207194, -0.925814, 0.37011, -0.0767254, 0.00745071, 0.220818, 0.975286, 0.221139, 1.35137, -0.0363599)

[node name="Item_WarriorSholderArmor1" parent="Enemies/Enemy3/RigPivot/Rig/GeneralSkeleton" index="1"]
transform = Transform3D(0.715049, 0.356889, 0.601112, 0.367991, -0.923251, 0.110406, 0.59438, 0.142258, -0.791502, 0.451277, 0.0860655, 0.175659)

[node name="Item_Sword" parent="Enemies/Enemy3/RigPivot/Rig/GeneralSkeleton" index="2"]
transform = Transform3D(0.96729, -0.166625, -0.191278, 0.184781, 0.979415, 0.081249, 0.173803, -0.113936, 0.978167, 0.0220062, 1.25214, -0.154469)

[node name="Item_SwordHolder" parent="Enemies/Enemy3/RigPivot/Rig/GeneralSkeleton" index="3"]
transform = Transform3D(0.96729, -0.166625, -0.191278, 0.184781, 0.979415, 0.081249, 0.173803, -0.113936, 0.978167, 0.203054, 0.000759125, 0.148417)

[node name="Item_WaterCanteen" parent="Enemies/Enemy3/RigPivot/Rig/GeneralSkeleton" index="4"]
transform = Transform3D(0.987187, 0.055969, -0.14943, -0.0453161, 0.996245, 0.0737697, 0.152997, -0.066053, 0.986017, -0.204634, 0.911125, 0.00771304)

[node name="Item_WaterBladder_01" parent="Enemies/Enemy3/RigPivot/Rig/GeneralSkeleton" index="5"]
transform = Transform3D(0.987187, 0.055969, -0.14943, -0.0453161, 0.996245, 0.0737697, 0.152997, -0.066053, 0.986017, 0.188952, 0.742564, 0.0583178)

[node name="SM_Prop_SpellBook_03" parent="Enemies/Enemy3/RigPivot/Rig/GeneralSkeleton" index="6"]
transform = Transform3D(0.228087, 0.943779, -0.239286, -0.896075, 0.107352, -0.430728, -0.380824, 0.312662, 0.870182, 0.212627, 0.946027, 0.0422108)

[node name="Item_Pouch" parent="Enemies/Enemy3/RigPivot/Rig/GeneralSkeleton" index="7"]
transform = Transform3D(1.0463, 0.0514393, -0.161109, -0.0480296, 1.05847, 0.0260299, 0.162159, -0.0183955, 1.04724, -0.0763307, -0.0887378, 0.0472289)

[node name="SM_Prop_Vials" parent="Enemies/Enemy3/RigPivot/Rig/GeneralSkeleton" index="8"]
transform = Transform3D(-0.203364, 0.055969, -0.977502, 0.0761449, 0.996245, 0.0412007, 0.976138, -0.066053, -0.206862, -0.196845, 0.914656, 0.0132127)

[node name="Item_SwordSheath" parent="Enemies/Enemy3/RigPivot/Rig/GeneralSkeleton" index="9"]
transform = Transform3D(0.404316, -0.263491, 0.875843, 0.47721, 0.877699, 0.0437545, -0.780256, 0.400271, 0.480608, 0.236795, 0.723736, 0.0183051)

[node name="Item_Dagger" parent="Enemies/Enemy3/RigPivot/Rig/GeneralSkeleton" index="10"]
transform = Transform3D(0.987187, 0.055969, -0.14943, -0.0453161, 0.996245, 0.0737697, 0.152997, -0.066053, 0.986017, 0.200587, 0.8507, 0.0743825)

[node name="Item_CoinBag" parent="Enemies/Enemy3/RigPivot/Rig/GeneralSkeleton" index="11"]
transform = Transform3D(0.987187, 0.055969, -0.14943, -0.0453161, 0.996245, 0.0737697, 0.152997, -0.066053, 0.986017, -0.214588, 0.866044, 0.0147773)

[node name="RightHandAttachment" parent="Enemies/Enemy3/RigPivot" index="1"]
transform = Transform3D(-0.0858646, -0.168323, 0.981985, 0.424783, -0.897737, -0.116739, 0.901214, 0.407107, 0.148585, -0.307476, 0.708908, -0.0907898)

[node name="MeleeAttack" parent="Enemies/Enemy3" index="6"]
transform = Transform3D(-0.0858646, -0.168323, 0.981985, 0.424783, -0.897737, -0.116739, 0.901214, 0.407107, 0.148585, -0.307476, -0.291092, -0.0907898)

[node name="Enemy4" parent="Enemies" instance=ExtResource("2_8bae3")]
transform = Transform3D(1, 0, 0, 0, 1, 0, 0, 0, 1, 10.9305, 1.15, 6.2938)

[node name="DeathVolume" parent="." instance=ExtResource("3_wlgfj")]
transform = Transform3D(1, 0, 0, 0, 1, 0, 0, 0, 1, 19.7564, 2.59898, -5.08708)

[node name="CollisionShape3D" parent="DeathVolume" index="0"]
shape = SubResource("BoxShape3D_wlgfj")

[node name="Waypoints" parent="." instance=ExtResource("4_75pta")]
transform = Transform3D(1, 0, 0, 0, 1, 0, 0, 0, 1, -15.2026, 0.625001, 11.04)

[node name="Waypoint" parent="Waypoints" index="0"]
mesh = SubResource("SphereMesh_80lkt")

[node name="Waypoint2" type="MeshInstance3D" parent="Waypoints"]
transform = Transform3D(1, 0, 0, 0, 1, 0, 0, 0, 1, 0, 0, -15.3865)
layers = 2
cast_shadow = 0
gi_mode = 0
mesh = SubResource("SphereMesh_80lkt")

[node name="Waypoint3" type="MeshInstance3D" parent="Waypoints"]
transform = Transform3D(1, 0, 0, 0, 1, 0, 0, 0, 1, -7.49357, 0, -6.55849)
layers = 2
cast_shadow = 0
gi_mode = 0
mesh = SubResource("SphereMesh_80lkt")

[node name="WanderArea" parent="." instance=ExtResource("5_0wm0d")]
transform = Transform3D(1, 0, 0, 0, 1, 0, 0, 0, 1, 6.71637, 0, 19.234)
collision_layer = 0
collision_mask = 0
monitoring = false
monitorable = false

[node name="CollisionShape3D" parent="WanderArea" index="0"]
transform = Transform3D(1, 0, 0, 0, 1, 0, 0, 0, 1, 0, 1, 0)
shape = SubResource("BoxShape3D_0wm0d")
debug_color = Color(1, 0.22, 0.584, 1)

[editable path="Enemies/Enemy"]
[editable path="Enemies/Enemy/RigPivot/Rig"]
[editable path="Enemies/Enemy/MeleeAttack/Damager"]
[editable path="Enemies/Enemy3"]
[editable path="Enemies/Enemy3/RigPivot/Rig"]
[editable path="Enemies/Enemy3/MeleeAttack/Damager"]
[editable path="DeathVolume"]
[editable path="Waypoints"]
[editable path="WanderArea"]
